resources/data_files/GISData/MooreBranch_aspect.txt
ncols         547
nrows         545
xllcorner     428547.00781257
yllcorner     3403788.7077775
cellsize      30
[rows 132 to 175 of 545, columns 192 to 287 of 547]
95 107 118 131 139 140 138 129 122 138 196 240 261 276 297 331 8 15 352 333 331 333 336 324 297 291 298 308 313 312 305 294 273 153 129 127 146 194 217 91 55 58 60 53 45 3 341 336 325 312 304 300 296 293 298 317 355 36 75 105 110 108 95 43 8 18 33 37 27 15 15 18 25 39 53 67 81 138 120 92 49 39 34 34 36 33 27 29 33 34 32 28 21 351 344 42
95 102 112 129 141 140 137 130 124 140 199 228 244 259 277 308 357 11 3 351 346 346 345 340 314 294 292 295 295 290 279 264 219 138 122 118 131 193 227 243 44 57 53 43 31 352 332 328 323 313 302 294 287 283 284 289 33 91 102 106 104 95 52 2 3 25 40 37 21 12 19 31 43 47 45 41 37 81 59 22 17 22 24 27 31 28 21 22 27 31 32 31 28 24 33 84
85 88 91 100 112 112 115 121 120 131 222 240 237 240 248 258 299 359 2 354 349 348 345 343 333 313 296 281 268 259 253 246 204 125 110 104 109 175 229 239 256 47 44 43 33 5 311 300 295 282 273 271 272 276 279 278 102 98 99 99 92 60 1 355 9 31 38 30 16 13 26 42 48 39 33 34 26 24 7 2 9 16 20 25 29 28 26 25 25 28 31 31 28 28 32 32
72 70 65 55 47 57 73 88 100 106 264 250 233 228 231 232 231 241 317 338 340 342 338 337 338 335 313 259 245 246 252 253 228 102 93 90 91 121 229 239 243 350 38 47 51 73 219 230 213 211 221 233 247 262 272 285 62 80 85 84 68 13 348 358 18 31 29 22 16 21 36 48 45 31 30 35 17 3 353 359 10 18 23 28 35 38 39 32 24 25 29 31 29 28 28 21
64 61 56 48 39 42 53 64 73 76 262 240 229 224 226 226 222 218 222 243 279 308 315 317 329 356 36 217 239 251 259 259 257 83 83 83 84 91 228 243 246 261 30 54 64 76 152 198 185 190 208 224 235 245 254 264 50 67 69 64 40 356 346 5 26 30 23 20 22 30 43 51 45 34 40 40 4 349 347 358 10 19 24 32 40 47 47 36 23 23 28 31 30 31 30 25
69 67 65 60 51 49 57 68 76 91 219 209 216 223 233 231 226 224 224 229 240 259 279 289 305 27 78 135 241 253 256 253 242 109 91 90 91 96 198 247 252 259 323 70 78 72 90 162 171 187 214 228 234 242 247 244 184 67 60 51 27 0 357 18 33 32 25 24 30 39 49 52 48 43 48 37 348 339 346 358 8 18 26 34 41 46 45 35 23 22 25 28 31 37 39 36
85 80 80 78 70 65 70 78 83 97 198 194 198 225 245 246 242 241 239 238 243 252 263 270 275 70 86 105 239 249 248 244 228 148 109 103 103 109 181 254 261 265 270 90 94 81 88 116 149 192 228 238 244 251 254 245 215 119 70 46 29 24 31 43 45 41 37 35 38 46 52 52 49 48 45 23 339 329 345 357 8 21 31 38 43 47 45 35 24 22 21 23 31 42 48 46
118 86 77 71 62 58 66 77 82 86 200 193 192 230 252 259 265 265 260 253 250 252 256 258 256 94 84 93 222 239 236 230 214 168 129 117 113 119 213 266 271 272 250 103 103 95 95 99 116 193 239 249 257 262 264 260 233 157 121 84 69 84 96 86 69 62 54 47 45 48 50 49 49 47 38 10 337 331 345 358 12 29 37 41 46 49 49 38 28 26 22 20 31 46 52 50
171 112 76 60 50 50 63 76 82 85 -1 -1 190 238 256 267 279 283 281 273 262 258 258 258 258 305 73 83 159 227 226 217 202 177 148 131 124 132 256 278 281 279 136 108 107 103 99 93 95 161 244 256 263 267 269 277 311 118 142 164 152 144 162 182 159 56 42 44 43 40 42 45 46 41 28 4 342 338 347 4 22 36 39 42 48 53 54 48 40 36 31 26 37 54 60 55
187 170 132 90 69 66 76 84 87 89 -1 -1 -1 256 263 269 277 285 293 301 300 290 277 265 258 261 77 81 103 213 222 211 198 181 158 141 135 170 271 282 283 278 115 107 105 105 100 93 87 98 251 259 265 267 268 277 7 98 128 155 160 162 178 199 208 201 112 85 65 29 33 41 42 36 24 7 354 354 354 19 35 39 41 45 52 58 61 62 56 47 45 40 47 63 66 61
179 182 173 156 125 105 101 98 92 74 44 -1 -1 278 270 267 270 279 290 305 316 319 303 262 240 226 110 83 84 165 214 208 196 181 163 147 145 252 278 282 281 271 109 105 103 104 101 95 86 80 261 261 263 265 264 264 2 86 101 126 148 163 185 207 211 198 179 166 174 217 7 36 39 35 27 20 19 30 12 35 40 41 47 53 59 64 67 67 61 57 61 57 60 71 71 69
108 172 178 173 159 137 121 111 98 62 48 33 -1 277 270 267 270 277 282 288 297 310 225 205 216 220 180 77 70 80 188 201 194 180 168 161 226 288 285 282 280 282 98 97 97 103 103 102 95 87 256 258 258 257 254 249 226 82 78 82 99 135 184 211 210 196 185 180 193 220 248 13 39 40 39 43 60 95 52 66 62 53 57 62 68 70 72 72 70 69 69 64 69 77 79 80
59 66 129 157 157 141 121 109 97 81 76 59 22 272 269 269 272 276 270 257 233 186 165 182 209 230 242 52 58 60 79 174 190 182 184 228 287 295 290 284 281 69 89 87 86 96 96 99 99 98 221 250 250 246 239 234 221 106 70 59 58 70 129 200 204 195 188 190 208 231 244 257 53 57 58 62 75 97 130 145 144 132 96 83 83 83 82 82 80 73 63 55 63 78 87 93
51 50 68 99 123 112 91 83 83 85 62 34 45 245 248 255 260 259 247 223 198 175 167 186 219 241 252 314 52 58 68 96 175 192 224 266 284 293 293 290 286 70 84 82 82 88 92 95 99 103 171 241 243 236 227 226 223 194 73 52 48 54 68 142 192 194 194 206 225 237 237 226 165 105 91 83 78 79 130 163 172 172 153 121 111 109 101 92 85 73 61 63 77 89 95 99
55 66 77 89 87 80 78 59 18 18 11 18 32 148 208 233 239 235 221 200 182 168 170 200 233 244 245 240 77 73 78 88 131 212 253 270 279 288 292 295 302 53 77 79 81 85 88 86 86 93 129 226 234 229 223 224 225 219 189 57 52 55 61 74 144 195 206 222 233 233 229 219 183 146 135 127 100 73 89 133 168 174 171 155 138 130 118 103 96 95 90 87 95 102 102 102
61 71 82 100 121 99 68 12 1 12 25 36 51 141 229 231 224 210 190 190 173 162 177 225 244 240 232 220 176 109 97 98 120 238 262 267 271 277 282 290 313 40 67 72 70 59 67 56 64 73 85 193 219 220 221 224 225 223 216 174 75 66 66 70 81 175 220 229 231 230 231 224 184 146 144 157 160 96 63 66 99 146 162 156 143 139 130 115 116 136 154 146 133 121 113 111
68 77 84 94 115 83 8 350 2 22 35 44 50 59 243 233 221 206 189 173 162 199 245 245 231 220 211 185 140 115 115 109 129 253 264 263 262 262 262 262 271 54 67 64 52 37 40 40 51 54 48 46 183 210 221 226 226 223 216 203 159 95 80 79 82 111 219 228 233 239 244 243 175 126 133 163 193 177 66 57 51 55 72 102 112 119 123 108 103 119 144 158 165 152 127 119
76 79 80 80 69 349 327 338 6 29 43 54 61 54 55 225 216 204 192 179 174 228 244 232 217 212 207 185 151 126 118 154 263 266 261 256 250 242 233 227 227 182 79 60 42 27 29 38 46 37 23 22 40 104 219 229 226 220 213 206 192 145 102 91 89 101 211 234 245 253 258 261 132 105 114 149 196 198 108 79 64 59 62 72 76 70 63 59 55 65 92 126 165 172 152 136
81 76 70 59 24 334 321 335 6 31 48 60 67 62 58 72 198 197 193 189 200 228 229 214 206 209 206 183 152 131 129 226 269 266 260 252 241 228 222 225 222 98 64 56 44 32 37 41 22 10 20 20 42 66 173 229 226 218 212 209 204 174 121 102 97 101 219 254 259 261 263 266 101 97 102 123 185 200 182 136 116 96 84 79 70 58 47 36 39 53 66 77 112 166 176 163
83 69 58 41 11 337 325 337 9 36 50 53 51 67 61 63 105 170 189 194 202 212 213 205 206 215 209 179 146 132 154 255 268 263 254 242 230 224 230 241 247 252 71 88 119 155 39 35 13 5 24 48 63 72 227 226 218 212 212 211 188 188 135 112 106 108 253 268 263 260 262 267 97 95 96 102 150 193 187 168 158 143 122 104 91 77 60 39 41 56 65 70 83 122 181 184
110 62 48 32 6 341 332 344 18 42 47 45 47 53 61 74 83 106 164 186 192 203 206 207 218 226 215 175 136 133 206 259 262 254 240 228 227 240 259 266 257 218 127 103 115 159 103 48 16 8 33 51 57 56 50 228 221 215 215 213 190 147 123 114 118 269 271 265 264 266 271 88 88 90 88 87 100 164 187 180 173 164 151 137 127 124 112 80 69 73 73 72 74 78 127 190
220 63 42 25 3 345 340 355 23 37 41 45 55 55 58 39 39 57 78 145 180 199 207 218 228 229 218 167 125 131 242 260 253 241 224 223 240 260 271 267 228 189 170 133 112 138 184 170 171 49 43 45 48 52 55 118 222 219 216 208 187 154 131 124 160 271 277 278 276 275 277 77 82 79 78 80 95 165 188 181 175 168 168 158 147 152 166 156 129 106 90 80 72 65 63 112
229 223 35 20 2 347 344 359 24 37 44 55 65 63 47 10 25 39 40 37 45 149 208 227 230 227 216 162 115 124 257 261 246 228 217 230 251 262 261 236 185 179 181 162 119 125 183 189 196 208 242 31 49 59 65 76 199 216 209 201 185 158 140 146 239 276 285 287 284 279 280 72 80 78 78 77 70 63 116 182 179 179 171 156 165 181 175 158 137 115 95 78 67 67 64 71
234 230 214 119 122 175 197 236 12 43 52 61 63 64 26 355 18 33 36 37 43 67 169 231 228 221 207 166 118 124 255 256 236 213 209 232 248 252 242 200 170 177 190 179 126 116 173 200 216 229 236 240 70 72 73 73 94 206 202 197 183 162 154 196 261 273 279 281 280 276 275 80 82 81 78 71 56 43 47 154 170 182 175 156 163 180 179 171 160 145 126 107 84 72 68 89
236 229 205 167 160 172 193 220 246 33 50 54 49 22 4 355 17 34 41 49 60 76 101 225 223 214 203 171 126 126 246 245 215 190 199 229 242 242 225 188 170 182 200 188 131 115 159 220 236 235 224 209 125 80 68 57 48 59 182 191 178 167 191 259 267 267 270 271 269 266 262 90 81 75 68 59 49 45 52 77 118 170 171 144 149 171 176 174 169 163 156 148 132 94 76 83
230 222 191 159 156 175 206 229 242 282 35 42 34 12 353 359 26 41 49 59 72 85 92 204 216 211 205 181 135 120 227 227 201 181 194 227 239 235 217 185 173 193 207 188 140 121 148 232 237 223 206 199 184 89 59 47 43 45 61 149 180 209 264 271 276 281 280 274 267 262 258 86 70 64 58 55 56 61 67 64 73 90 134 106 97 111 142 154 156 160 163 164 166 152 108 93
224 211 178 153 153 184 222 237 245 253 354 42 41 33 351 6 38 51 59 70 82 94 99 132 213 210 208 193 157 117 190 217 201 183 199 227 234 231 217 184 175 202 208 183 144 128 153 230 227 208 194 193 202 191 64 48 45 48 55 68 175 242 253 263 278 290 296 292 281 270 263 293 62 61 59 62 68 75 80 70 66 53 31 31 30 27 35 51 73 97 128 151 164 178 157 110
219 205 173 150 154 201 236 247 251 245 214 128 100 110 20 71 77 75 78 84 90 98 110 124 209 213 212 199 175 139 135 211 204 190 214 233 234 231 221 184 175 204 204 178 142 132 173 224 216 199 189 193 208 214 187 72 53 53 57 62 73 224 235 252 267 279 291 299 299 290 277 274 68 69 70 73 79 83 84 78 67 42 3 357 9 20 30 38 42 44 48 57 94 158 175 137
215 205 174 153 164 223 249 256 254 235 195 166 140 118 140 163 150 125 113 108 106 108 111 351 346 2 162 176 173 166 157 183 202 210 237 243 238 234 223 182 172 199 197 175 145 135 174 217 207 193 188 196 212 215 205 182 100 64 61 62 65 155 226 247 259 266 274 284 294 295 280 224 127 89 84 86 88 88 85 79 67 25 337 339 1 20 32 35 34 34 37 39 54 77 146 151
214 205 179 163 190 247 259 258 249 217 177 170 165 131 120 145 153 139 125 112 101 90 11 332 353 19 57 114 156 173 169 176 204 226 237 239 237 234 222 182 168 192 189 175 152 139 166 206 199 189 189 202 216 214 206 199 188 107 70 66 67 86 212 245 255 258 258 258 253 229 195 188 178 124 98 94 94 92 89 89 71 350 310 319 353 22 32 32 29 31 38 40 49 55 59 87
214 203 184 183 232 258 259 252 237 195 164 167 181 183 90 77 85 92 83 67 50 40 347 327 355 22 41 55 61 44 -1 -1 224 227 227 231 234 233 220 185 165 178 181 176 161 138 147 195 194 191 196 210 217 208 199 202 206 193 94 76 73 78 164 246 250 248 242 233 214 190 184 193 198 159 108 97 95 95 98 103 89 282 279 287 326 19 28 26 27 33 43 45 49 53 55 61
213 205 199 223 249 251 246 237 219 183 159 162 186 204 113 62 49 42 35 30 27 29 351 321 352 29 46 53 47 26 31 44 -1 224 228 236 237 231 213 186 168 163 171 179 174 144 124 182 193 197 202 209 209 196 190 204 217 216 150 87 78 79 97 244 245 241 233 220 200 184 188 206 217 193 110 96 95 98 105 115 114 213 247 252 261 338 13 20 29 40 50 53 56 63 70 75
214 218 230 242 241 235 226 217 204 183 166 162 182 205 193 134 55 27 21 21 24 31 2 314 342 42 57 53 27 16 28 36 42 44 244 244 238 225 207 190 172 151 157 177 182 165 129 151 190 204 202 200 200 189 190 216 231 230 203 96 85 84 92 238 243 240 232 215 194 185 199 221 232 217 119 99 98 101 109 121 128 181 228 238 244 260 321 13 40 52 60 65 71 79 85 87
220 228 235 233 226 219 212 207 203 196 188 173 161 189 203 190 191 301 1 17 29 39 20 317 329 56 62 40 11 14 27 34 34 27 359 236 229 217 205 197 178 149 142 161 174 167 143 131 181 203 193 191 193 190 207 239 248 244 225 109 87 79 77 218 239 237 228 209 189 191 217 236 238 218 141 110 106 108 111 119 132 166 220 235 238 236 235 225 73 71 74 80 87 92 93 93
225 228 231 225 219 218 224 235 241 244 249 210 122 148 201 197 198 218 251 345 30 43 31 339 343 56 55 22 4 16 31 36 31 24 29 29 217 207 199 193 179 162 151 151 157 156 147 131 164 192 186 187 192 202 232 251 254 249 235 114 73 64 64 72 237 235 223 203 189 207 238 246 238 210 154 120 113 114 112 115 128 153 216 231 228 222 218 209 142 99 94 97 101 101 98 95
213 219 223 226 242 277 298 311 319 304 272 173 118 120 188 196 203 225 243 268 14 44 36 358 3 48 43 5 359 19 34 35 29 26 33 37 42 164 176 181 176 168 161 154 147 139 135 136 149 178 183 187 196 219 241 246 245 242 246 306 41 51 60 64 231 232 219 201 196 226 249 251 237 201 155 125 117 119 117 114 122 140 204 220 218 216 217 211 170 128 115 114 114 110 105 101
199 201 213 233 262 287 296 308 334 255 199 166 129 115 134 196 220 240 248 256 294 42 36 7 13 42 32 351 352 15 29 32 31 33 43 50 50 66 103 145 165 166 164 160 149 122 101 131 136 163 182 191 204 232 242 243 242 244 254 281 8 45 55 57 57 222 214 203 211 239 251 249 232 189 148 127 120 121 119 112 117 128 187 211 211 214 216 205 173 145 131 127 126 120 115 113
192 191 222 246 259 265 261 235 169 168 182 173 144 123 128 203 240 248 249 250 255 19 29 9 21 41 25 344 343 8 27 35 37 44 56 61 45 21 37 57 86 129 142 160 343 8 21 92 86 79 224 214 219 242 247 248 248 248 250 256 289 42 51 53 56 77 204 210 227 245 249 242 222 181 143 126 117 110 105 88 102 96 126 208 210 213 209 195 172 152 139 134 128 117 108 105
193 204 245 251 247 240 224 195 173 176 185 178 157 134 133 218 248 247 245 244 244 250 10 14 33 45 25 339 334 2 27 40 47 55 62 52 13 1 22 40 37 18 5 346 340 351 7 22 34 37 39 44 224 250 250 248 244 240 239 240 239 38 53 57 60 65 122 223 239 247 244 235 217 181 144 126 111 84 57 11 50 35 33 35 236 214 204 189 166 145 126 108 83 67 64 70
197 205 226 229 224 215 201 186 182 188 188 179 165 145 141 230 246 244 244 245 245 245 249 46 61 55 30 336 319 350 27 46 54 58 53 27 0 3 26 39 26 3 354 344 340 351 10 29 34 42 46 50 -1 244 243 239 233 232 237 241 239 234 65 64 66 69 76 230 244 244 237 228 214 185 156 139 122 51 11 351 6 17 25 16 353 350 353 1 21 34 29 24 28 40 54 68
188 192 206 208 206 199 191 195 218 234 201 174 168 153 153 242 250 251 253 255 256 253 236 169 131 109 78 302 280 300 31 53 57 53 37 12 0 10 32 36 13 354 350 344 344 359 23 42 42 49 52 52 44 227 234 231 230 237 249 257 259 257 274 75 76 76 79 171 232 233 227 221 210 190 175 172 191 305 333 336 351 15 22 7 347 344 351 2 11 15 14 21 38 56 70 79
190 189 201 196 196 196 213 270 297 323 10 41 50 44 271 261 261 262 264 266 267 264 244 158 145 151 167 198 223 226 183 76 62 49 29 9 5 15 29 26 4 351 351 351 356 21 52 68 53 59 60 60 61 224 231 234 241 250 257 263 271 279 292 91 89 86 86 116 216 224 220 216 206 194 194 205 228 260 281 296 325 16 21 1 337 330 341 4 22 30 37 55 72 81 85 89
201 200 191 180 191 213 259 281 296 332 24 46 49 27 312 267 266 265 264 265 268 272 282 86 103 125 156 188 207 212 201 150 82 58 39 24 18 19 25 20 2 351 354 7 35 75 93 98 75 76 75 75 78 -1 224 250 253 254 253 253 256 262 149 105 101 96 91 98 197 221 217 211 204 204 218 229 240 252 257 257 240 15 16 352 325 306 290 129 121 118 116 110 103 98 95 95
205 205 175 167 199 237 258 268 280 318 29 48 45 22 346 281 273 266 260 260 264 269 294 32 49 59 82 151 201 212 211 197 132 80 73 91 128 172 19 27 20 358 78 109 112 115 112 107 99 97 95 93 91 -1 -1 251 249 248 245 242 239 233 171 105 96 89 81 77 109 216 212 207 209 225 240 245 249 251 247 233 196 178 288 312 312 291 153 141 142 146 147 139 125 114 107 101
