resources/data_files/GISData/MooreBranch_aspect.txt
ncols         547
nrows         545
xllcorner     428547.00781257
yllcorner     3403788.7077775
cellsize      30
[rows 132 to 175 of 545, columns 384 to 479 of 547]
247 245 241 235 228 222 216 86 52 47 50 56 56 62 69 111 174 158 141 126 118 113 105 98 103 286 296 306 302 290 279 260 245 245 241 265 296 291 280 269 257 247 247 259 64 75 214 232 235 241 240 229 176 125 114 112 114 115 114 112 109 101 93 89 87 85 82 73 44 314 297 288 279 270 262 250 238 242 217 135 132 129 127 131 144 257 289 292 287 276 259 123 109 112 119 123
247 245 241 232 224 219 219 211 81 52 56 63 71 76 90 134 162 146 130 123 125 129 133 133 230 284 296 313 323 319 309 291 277 286 310 329 329 328 323 305 280 256 249 249 100 75 90 210 219 234 228 214 181 142 120 100 84 72 64 60 53 55 63 63 66 71 72 65 50 299 286 280 270 259 249 236 231 234 191 135 133 133 125 126 234 296 306 314 314 303 277 115 108 108 114 117
246 245 240 231 216 210 216 222 221 64 60 67 73 76 83 105 158 147 135 130 136 145 167 278 290 295 307 326 338 344 340 310 298 298 306 320 328 335 342 339 328 302 273 262 275 66 79 147 200 219 213 204 187 168 148 81 47 37 33 33 31 38 46 46 52 61 67 75 85 263 266 268 267 263 259 259 264 259 161 130 133 138 130 125 293 293 297 304 308 307 96 111 111 112 118 120
243 242 235 221 202 199 214 225 226 217 69 68 69 68 66 74 139 143 143 143 147 159 251 291 294 295 304 324 346 356 359 328 291 287 296 311 326 343 350 350 344 318 294 308 308 53 78 106 175 208 205 200 193 193 210 300 22 28 28 30 32 39 45 47 53 63 73 85 117 232 258 269 280 285 285 287 286 254 136 132 137 149 149 260 284 275 265 256 259 272 89 96 103 111 118 118
238 235 223 204 190 192 214 229 230 225 157 72 64 61 60 66 89 129 142 149 153 183 263 280 288 293 303 324 347 358 9 5 291 269 273 287 307 332 345 352 355 340 308 291 68 80 89 129 189 201 201 201 210 227 227 241 309 28 33 35 38 45 51 54 60 70 79 86 113 238 269 276 284 290 290 284 260 157 136 135 142 167 194 245 253 246 235 229 237 239 94 86 90 96 98 91
227 222 209 194 188 193 218 235 235 232 222 83 66 62 63 69 83 108 126 146 134 224 261 269 278 287 299 321 344 356 13 31 353 265 259 263 272 289 311 331 3 349 289 258 78 75 76 85 147 199 205 212 220 228 233 242 332 24 32 37 47 57 63 70 78 78 82 83 67 308 280 276 275 273 263 235 183 151 139 138 149 211 220 235 233 234 233 232 239 236 120 93 88 82 73 44
220 214 204 194 193 203 225 239 240 241 238 133 83 76 76 78 82 91 93 -1 -1 -1 264 268 274 279 287 307 335 354 21 46 38 286 265 262 263 262 249 213 173 174 211 244 118 76 73 74 88 186 219 230 232 235 239 249 282 356 23 35 48 62 73 79 82 82 79 61 290 279 271 262 248 224 193 193 166 150 142 142 180 270 260 270 270 265 255 244 248 246 131 101 93 78 56 15
226 220 213 208 208 217 231 242 247 250 245 170 111 97 91 89 85 83 83 -1 -1 -1 270 271 272 272 274 283 308 348 34 55 43 331 294 282 279 282 267 166 175 180 200 223 201 90 76 73 72 77 238 245 243 244 250 258 273 321 21 41 56 71 78 80 78 76 72 64 273 266 259 246 227 201 178 159 148 146 162 272 284 285 298 305 299 282 282 264 261 254 124 96 87 67 37 1
234 228 222 222 218 215 226 242 250 249 229 172 137 118 105 96 86 78 72 44 -1 -1 275 274 271 267 263 262 267 302 44 56 37 347 321 308 303 311 25 93 148 175 194 207 199 139 88 74 69 69 250 249 247 250 256 261 266 286 18 54 68 78 80 76 72 70 68 64 266 250 243 228 209 189 171 160 151 167 299 312 308 298 288 297 302 299 289 278 260 120 85 68 43 21 7 355
208 218 219 220 215 209 232 253 254 237 201 172 152 132 115 101 85 72 61 55 -1 314 280 276 271 263 255 251 246 243 52 52 27 347 330 325 325 337 23 54 85 143 185 198 197 177 127 89 78 78 246 246 244 248 255 258 260 268 355 65 75 80 78 72 70 71 70 68 75 240 233 216 197 182 173 170 192 300 311 322 327 320 289 278 262 258 274 280 277 81 73 64 52 42 44 36
178 217 227 225 223 231 262 267 256 220 185 172 159 139 119 104 89 69 60 58 44 299 282 275 268 259 251 245 238 232 228 41 13 340 327 326 333 350 20 42 56 76 143 189 196 189 168 123 100 93 191 238 240 247 253 254 254 255 246 83 80 77 72 67 68 69 70 73 78 234 223 203 189 187 201 270 308 309 310 320 341 11 162 225 199 220 246 250 238 132 107 109 123 145 149 111
160 226 239 233 235 253 268 265 247 201 175 168 159 143 123 108 97 80 76 74 69 282 275 268 262 254 248 244 237 233 235 260 334 325 314 314 326 349 21 42 50 59 74 148 189 193 184 152 118 103 117 238 245 250 253 252 250 245 222 111 84 75 68 66 68 69 71 73 74 224 212 194 198 241 286 304 310 309 306 313 19 96 139 175 193 226 240 227 199 168 136 126 133 160 190 215
127 236 237 222 229 257 273 274 257 189 161 159 154 145 130 118 110 95 95 92 88 273 267 260 253 246 245 246 242 240 243 252 278 295 291 286 283 290 35 57 59 63 66 77 148 191 190 170 137 114 105 246 253 255 255 254 249 242 227 149 89 75 72 72 74 76 75 72 67 54 224 193 268 281 290 297 298 296 287 277 95 99 117 164 205 239 242 213 186 173 146 121 118 157 213 244
86 237 229 211 231 264 279 287 292 120 129 142 148 147 139 131 125 107 106 104 109 258 256 247 242 240 246 252 253 251 250 252 258 267 266 250 210 196 187 110 79 74 72 71 80 154 186 179 158 138 105 286 282 275 269 261 252 244 234 192 110 89 83 80 80 81 78 71 65 60 44 -1 272 275 279 281 277 263 236 213 148 102 98 156 225 247 239 193 176 176 155 126 113 142 233 259
71 224 226 215 256 277 285 294 328 92 112 128 142 143 140 136 131 121 117 120 150 222 235 234 238 244 254 261 263 263 260 259 258 257 250 211 178 184 195 180 92 75 74 69 61 56 94 157 162 181 284 301 302 292 278 265 253 243 233 206 143 104 89 83 82 82 79 73 69 64 54 44 267 266 264 258 246 221 199 199 180 118 102 125 253 258 240 168 167 176 163 145 128 141 259 270
72 60 264 270 277 280 285 298 27 88 102 119 136 138 136 134 130 137 132 133 162 210 227 233 248 258 261 260 260 264 268 268 265 256 242 174 155 177 201 213 214 60 62 56 47 40 44 68 119 198 268 285 288 278 260 244 237 235 229 212 173 110 86 82 82 82 79 73 67 63 58 51 266 260 249 234 220 199 187 201 196 139 118 114 271 272 240 139 158 176 170 158 145 303 286 277
78 70 293 294 278 273 273 279 68 88 99 117 144 141 128 121 117 124 144 143 167 215 234 248 260 264 262 257 256 260 266 269 266 257 246 134 126 163 206 227 250 25 47 45 42 40 43 53 74 154 245 255 253 238 221 215 221 228 227 217 201 145 90 81 78 75 69 61 59 61 65 67 260 249 232 218 206 191 191 208 196 152 135 170 266 262 166 132 153 186 202 292 339 340 323 293
76 69 281 275 269 263 258 251 105 89 95 113 157 162 127 106 99 98 144 156 182 232 249 258 263 262 260 259 259 258 259 259 257 256 259 98 100 131 206 231 247 287 37 47 46 45 46 53 63 80 223 236 229 207 192 199 216 226 224 216 212 199 100 79 73 64 54 49 52 58 61 55 265 228 214 208 200 193 203 213 191 161 156 209 248 224 155 134 156 246 286 311 328 342 345 321
77 71 224 255 260 257 252 247 170 86 89 97 153 187 144 109 95 87 113 158 236 271 273 268 264 263 263 264 261 256 249 244 244 254 271 77 86 97 186 228 239 247 39 62 58 53 52 56 63 68 111 227 213 193 181 196 220 226 217 208 210 212 176 88 70 57 50 49 50 49 44 38 40 168 200 205 201 202 216 211 190 181 198 218 229 197 153 135 244 279 277 274 275 293 335 340
89 86 102 239 250 252 251 250 239 79 79 78 71 192 153 103 88 87 83 71 279 286 293 290 282 279 279 278 270 258 245 239 244 256 270 71 81 86 123 221 231 230 206 117 85 69 61 63 67 68 65 222 207 192 185 206 228 226 213 207 213 215 199 151 95 65 53 48 45 40 36 39 48 66 158 200 204 215 224 213 208 238 279 233 221 186 151 147 274 263 247 231 224 228 236 273
108 138 140 215 247 252 253 254 258 48 61 57 43 37 42 55 56 63 90 124 241 253 268 283 287 287 292 300 304 299 284 267 263 266 272 79 85 85 95 198 226 223 206 171 135 98 73 70 72 69 61 203 207 197 197 217 225 218 210 214 222 218 203 187 162 83 46 41 40 39 42 50 57 64 89 171 199 221 235 246 275 292 307 327 322 358 22 331 296 289 275 240 230 237 245 265
128 157 179 233 270 268 265 263 270 339 38 43 41 38 22 4 22 51 77 113 212 231 242 256 267 273 279 291 308 320 324 312 292 283 285 78 86 85 87 127 217 220 209 192 176 147 87 75 71 65 57 61 171 194 204 216 216 212 214 222 225 218 207 207 211 231 21 36 41 47 54 61 66 69 79 122 189 225 243 263 283 294 305 322 344 358 7 351 328 329 342 347 327 279 266 274
136 156 215 277 299 297 286 278 278 303 15 38 42 37 18 3 26 64 71 87 199 226 233 243 252 258 261 265 275 295 315 320 308 299 309 73 82 79 77 88 182 214 212 207 204 203 113 70 62 55 52 55 66 146 200 208 209 216 225 230 230 226 225 234 242 254 306 29 46 56 63 66 67 66 68 85 155 226 242 255 270 282 294 309 339 354 3 354 334 335 349 357 358 333 287 273
141 166 286 297 305 310 303 291 285 292 343 34 42 37 21 18 51 76 78 80 97 220 235 243 245 250 255 258 261 268 283 297 299 296 319 82 81 75 71 76 102 201 215 218 221 227 241 45 50 51 51 53 60 84 160 193 208 224 232 235 238 242 251 258 257 254 267 347 45 60 64 60 55 53 54 65 89 226 240 248 259 270 280 291 327 346 358 353 337 335 352 1 4 350 308 281
168 306 306 304 305 311 308 296 289 289 312 24 45 44 36 46 70 78 81 79 76 224 246 244 240 245 251 254 251 248 251 255 255 242 187 118 95 81 75 76 80 136 221 229 232 238 254 335 38 49 53 55 61 75 112 180 216 234 241 245 248 251 254 253 247 246 262 299 37 58 59 52 48 49 55 64 72 206 241 247 254 259 265 270 307 333 349 348 337 335 44 54 329 325 312 293
300 308 307 305 305 311 310 298 290 290 305 5 50 57 58 70 80 80 77 75 73 44 241 237 236 245 249 246 239 236 239 239 229 207 183 162 133 97 82 78 76 81 224 236 237 241 251 279 16 47 55 57 62 71 86 145 229 246 252 251 249 246 244 239 237 249 261 271 46 66 64 59 59 64 69 74 77 88 246 251 253 253 253 252 275 283 277 179 177 186 161 180 264 279 290 294
300 304 304 304 307 316 317 303 295 296 309 5 63 71 74 80 84 83 76 68 52 34 224 233 241 249 248 242 235 235 238 237 219 189 179 182 181 130 78 71 68 67 87 235 236 240 247 260 314 50 61 60 64 70 78 100 233 248 251 248 241 236 235 235 243 257 261 248 158 107 93 88 89 90 90 88 86 89 254 256 254 250 246 241 246 220 176 156 169 194 198 202 225 254 271 286
296 300 302 305 310 324 331 319 308 308 325 41 82 86 86 86 86 84 80 66 52 49 55 252 258 258 249 240 234 233 235 230 206 175 179 204 227 256 51 56 58 60 68 208 231 238 247 256 267 65 72 65 69 72 78 87 225 244 245 240 235 234 239 245 253 261 256 215 162 144 134 125 120 115 108 100 93 89 261 259 256 250 241 231 231 202 163 151 169 198 204 201 212 246 265 274
286 292 295 302 312 330 343 337 325 326 3 75 97 98 96 91 87 85 86 78 80 84 85 302 294 288 262 240 233 231 229 219 195 179 208 258 282 310 12 43 54 61 70 114 221 241 251 257 255 103 87 73 76 78 81 84 186 243 243 239 242 250 256 259 262 264 249 170 151 150 150 145 137 131 123 111 101 93 258 256 251 243 230 218 218 190 162 154 172 202 209 211 228 252 257 248
278 282 287 294 308 329 347 349 340 351 50 90 105 106 103 99 94 91 94 94 106 115 123 299 304 318 325 250 235 231 225 212 196 208 256 278 292 312 355 41 61 69 75 87 214 246 254 255 246 140 103 99 86 86 86 88 118 249 250 253 263 273 278 278 278 279 283 107 118 132 143 147 140 129 116 101 90 82 238 244 238 227 215 205 204 185 165 159 184 222 235 246 259 260 238 210
274 278 283 287 296 318 349 0 353 23 75 96 107 109 110 109 108 106 104 102 111 120 294 298 302 324 1 355 292 245 227 217 220 251 267 272 279 294 344 63 77 80 80 82 143 249 252 250 234 157 118 111 97 95 92 91 104 259 263 269 278 285 290 292 291 295 333 57 75 86 98 106 86 53 45 48 53 56 65 226 224 217 210 205 196 187 178 181 268 291 300 301 289 263 197 185
272 274 277 278 277 279 322 14 2 61 86 96 103 108 113 117 119 118 112 104 108 101 297 298 301 320 352 1 357 347 295 248 254 263 264 262 264 267 210 100 95 91 87 86 103 242 246 241 220 164 132 122 108 103 97 95 109 267 275 280 284 287 290 293 293 298 336 44 59 59 51 30 8 10 23 37 48 56 64 161 220 223 229 236 251 213 244 297 311 315 322 326 323 246 152 172
273 270 263 245 219 199 199 206 222 91 92 94 98 104 113 120 124 125 119 105 104 291 291 295 301 314 337 353 3 12 13 330 277 264 256 255 258 254 156 119 110 101 95 93 104 220 235 230 208 166 142 132 117 111 104 104 142 271 283 289 292 292 291 292 291 295 328 41 53 49 37 15 0 9 30 47 58 66 72 80 250 261 268 276 286 272 286 297 303 307 318 336 9 74 116 162
273 262 243 218 210 214 231 236 101 97 97 98 103 111 119 126 126 131 129 109 107 279 283 287 294 306 323 342 5 24 33 8 308 285 271 266 264 247 139 128 125 113 102 99 106 179 221 219 198 170 153 145 126 118 111 112 203 277 288 295 299 299 297 296 291 287 301 59 56 45 31 11 5 24 52 66 72 77 81 85 276 280 282 285 291 287 282 277 273 274 286 321 34 73 97 148
266 247 228 219 234 251 265 268 101 103 104 103 105 110 116 126 133 137 136 130 271 275 277 281 290 304 328 328 8 41 49 13 326 321 313 296 282 240 124 128 138 132 118 108 100 121 206 210 193 175 166 160 135 124 116 117 270 285 291 296 299 300 298 292 278 255 202 149 83 37 26 18 30 62 81 87 88 88 88 92 260 270 275 283 294 295 291 273 257 254 260 278 58 83 98 139
262 253 259 270 275 278 278 231 108 111 112 110 108 110 116 125 132 140 161 203 274 273 271 271 275 283 304 15 56 57 358 321 325 327 318 306 86 86 106 114 132 136 126 103 61 50 62 192 186 178 177 174 146 130 122 128 290 293 296 297 297 293 284 258 228 204 185 186 226 350 31 52 81 99 104 104 101 98 95 98 246 261 271 284 294 306 320 324 299 279 273 273 91 96 103 134
293 297 304 310 299 286 270 143 116 118 118 114 109 108 116 128 134 139 239 281 288 280 271 267 265 265 270 6 59 47 343 316 319 323 324 330 84 90 89 91 90 57 11 15 28 38 52 113 113 161 177 180 156 138 133 282 296 298 301 300 289 264 228 197 192 189 190 213 248 273 75 93 104 111 113 110 105 100 96 97 253 268 276 287 294 304 324 343 334 312 296 284 109 105 108 134
303 306 308 312 303 284 237 136 123 122 120 115 107 103 110 127 138 139 272 286 295 297 286 272 259 251 248 260 41 24 339 321 321 321 324 73 90 80 71 57 32 1 353 8 28 40 46 51 73 131 173 160 144 193 289 296 300 303 303 300 249 204 188 179 182 191 207 235 251 239 122 103 101 103 105 104 99 93 90 90 276 276 278 282 285 298 312 336 331 313 292 172 121 111 110 140
294 294 296 301 298 273 166 129 123 121 118 114 104 98 98 109 141 314 284 284 293 307 311 302 277 253 248 259 337 0 337 326 328 334 158 157 111 77 62 44 12 349 352 14 33 42 43 45 53 65 102 141 157 276 289 294 296 296 263 162 172 177 175 183 205 230 246 245 213 213 147 115 100 95 93 93 93 92 92 92 277 274 271 267 262 285 281 273 267 250 202 149 126 114 112 153
297 285 283 291 301 316 110 113 116 116 114 109 102 94 90 88 107 303 294 291 291 304 319 330 333 300 269 268 291 332 329 323 69 133 156 178 173 97 59 28 356 345 355 19 36 42 45 50 58 65 72 87 246 283 286 289 287 268 143 140 155 171 176 192 226 245 247 232 196 164 139 114 102 97 97 99 100 101 103 103 273 267 259 248 232 248 212 197 201 195 176 152 132 120 119 171
317 295 285 288 304 33 91 101 106 107 105 104 100 93 86 79 9 297 295 293 292 300 314 334 354 350 305 280 274 273 263 198 128 127 150 187 203 190 30 359 344 342 0 28 44 51 57 64 72 78 83 83 281 283 284 283 273 183 137 133 144 165 179 208 241 248 238 213 184 172 159 136 121 114 111 110 110 110 131 266 258 245 230 211 193 189 187 192 188 176 176 159 143 131 128 295
325 313 298 298 318 51 86 93 96 95 96 99 96 88 79 72 1 292 292 292 292 294 303 324 356 6 337 294 258 207 194 179 133 120 138 191 216 227 274 319 328 337 15 54 69 76 77 77 83 88 94 109 277 281 283 280 258 142 130 129 139 163 184 220 244 242 223 195 178 175 170 154 139 130 125 121 119 122 189 250 243 230 214 194 182 184 187 191 187 178 165 153 152 288 321 328
299 309 304 309 341 50 79 87 89 89 89 90 90 90 89 86 324 283 284 286 291 289 291 306 343 10 3 321 196 170 185 186 143 118 126 189 226 238 255 275 289 296 99 102 102 102 99 93 93 95 101 178 276 280 282 281 251 116 117 121 133 158 190 226 239 230 205 182 173 174 173 162 150 140 133 126 124 135 207 234 227 215 201 184 175 184 190 194 189 179 167 164 226 278 295 314
267 287 296 306 355 68 83 87 88 86 83 80 83 92 102 109 250 273 275 275 287 284 280 282 304 10 37 68 127 146 181 194 155 122 119 181 234 244 251 254 238 178 138 123 115 113 114 107 102 102 106 257 275 279 281 285 19 91 99 105 117 145 194 225 229 216 194 176 169 171 171 165 156 145 137 130 127 146 247 258 239 212 205 211 299 333 197 200 195 186 178 209 256 250 221 187
