resources/data_files/GISData/MooreBranch_aspect.txt
ncols         547
nrows         545
xllcorner     428547.00781257
yllcorner     3403788.7077775
cellsize      30
[rows 44 to 87 of 545, columns 384 to 479 of 547]
72 66 66 66 67 72 80 216 214 225 224 221 222 222 220 237 356 351 310 285 275 267 229 122 127 116 53 42 51 59 66 70 71 74 87 119 153 153 150 285 293 295 289 281 276 273 273 276 282 293 315 71 121 141 152 153 157 159 148 138 139 143 140 130 125 122 118 120 277 301 304 309 320 328 315 307 305 303 305 305 302 297 294 305 32 72 81 86 82 292 309 345 12 21 25 43
59 56 60 63 65 72 76 -1 223 222 220 222 230 238 249 273 310 345 313 270 253 245 200 117 134 175 186 114 76 72 70 67 65 66 71 81 107 155 237 284 291 296 295 289 282 276 272 271 274 278 242 122 131 143 152 156 160 164 152 137 134 141 145 136 128 128 129 139 291 296 299 308 323 334 322 309 293 278 273 281 289 290 289 296 62 87 92 98 126 264 284 317 6 33 48 65
58 64 71 76 75 74 69 36 224 231 236 243 252 260 268 273 273 217 199 227 229 229 204 110 110 164 192 188 140 96 79 70 65 65 69 77 92 148 250 273 283 294 297 295 290 287 284 281 280 280 116 112 121 132 145 155 163 172 166 142 126 128 139 141 135 135 148 254 288 291 294 305 322 334 338 335 320 290 267 263 264 266 269 270 102 101 104 113 156 229 245 254 312 86 100 107
90 84 89 96 100 92 83 5 312 297 286 279 274 270 272 268 230 165 176 206 221 225 214 118 84 91 169 189 175 151 125 100 81 71 73 81 93 142 248 264 272 286 291 294 292 292 292 291 290 295 81 90 92 99 116 140 159 176 183 162 129 116 124 137 142 150 208 281 291 291 292 302 319 334 348 357 355 345 319 281 262 260 262 247 114 109 114 128 164 207 227 231 190 130 127 133
155 101 95 99 112 123 130 263 294 316 314 311 305 293 283 273 163 146 173 205 224 233 233 175 62 52 55 115 164 164 158 145 118 90 83 87 95 135 247 258 265 276 282 287 288 289 290 292 292 301 81 78 72 71 77 93 125 168 192 181 147 117 112 124 142 180 265 288 293 291 293 303 316 332 352 5 5 359 350 336 305 284 274 211 115 108 110 124 158 202 229 232 186 138 134 141
186 104 89 85 97 120 153 258 278 305 311 315 320 315 303 293 113 125 166 210 232 242 245 253 36 44 43 46 59 102 145 161 155 130 106 98 99 129 250 257 262 270 279 285 288 288 288 286 279 201 112 91 78 74 74 77 89 127 189 188 162 127 112 114 131 266 286 293 294 291 291 298 309 327 354 7 9 3 356 350 333 310 286 141 121 108 100 101 127 205 237 232 181 139 136 141
185 98 84 80 88 100 172 272 277 287 294 301 312 319 322 20 98 109 147 223 241 240 236 234 229 55 52 52 54 60 72 107 139 143 133 115 108 134 258 261 262 267 279 287 291 292 289 275 220 166 148 130 111 100 94 89 87 97 156 180 171 141 119 112 127 287 289 293 294 291 288 290 299 329 355 11 11 4 357 352 339 319 127 127 129 121 102 91 91 198 242 231 180 139 134 134
122 106 97 91 93 97 278 281 280 277 278 279 281 289 308 66 91 99 124 239 244 231 223 223 223 183 96 90 87 82 74 64 81 105 123 121 117 190 276 277 274 270 274 283 289 291 285 224 167 164 164 155 141 126 115 106 98 99 123 159 167 150 129 121 280 287 287 290 292 292 288 286 297 54 109 158 175 329 343 330 295 271 107 110 122 132 123 109 101 147 238 228 183 143 131 114
129 114 112 102 98 106 265 278 274 273 263 250 237 230 217 128 101 100 119 239 237 222 217 223 228 205 133 122 124 124 125 117 82 76 86 100 112 274 286 292 294 286 270 276 281 280 241 154 151 161 168 164 155 143 132 122 114 107 108 127 148 147 135 147 279 283 283 287 292 293 289 286 297 58 83 153 177 185 184 186 203 209 96 88 94 112 126 127 119 145 228 225 192 156 143 331
137 103 100 98 97 110 244 252 235 257 241 226 218 214 200 158 122 113 135 223 226 216 218 231 240 217 132 125 129 135 147 163 151 109 95 97 108 277 285 293 302 303 276 274 271 253 162 140 143 155 165 166 160 154 147 137 129 121 113 113 124 135 139 235 273 277 279 283 289 292 290 287 299 55 67 115 155 175 181 188 202 210 139 84 76 78 90 104 109 132 219 224 205 185 206 265
185 100 85 88 90 97 224 220 202 218 219 221 221 211 189 159 134 123 147 213 217 217 230 252 259 225 121 118 121 127 139 160 170 153 127 118 161 283 288 293 301 307 290 279 264 208 145 133 134 141 150 155 156 154 151 147 143 137 126 116 112 117 140 257 269 271 272 274 279 283 283 282 292 43 53 76 100 144 171 187 202 205 185 127 76 65 64 67 78 96 199 216 208 200 208 222
210 157 98 88 84 84 167 191 191 201 219 233 231 205 170 147 133 126 150 212 220 232 255 270 268 194 118 112 113 116 123 140 162 163 144 135 290 296 296 297 303 308 304 297 277 158 128 117 109 100 100 108 120 129 132 138 145 145 140 128 113 105 135 258 263 264 264 263 265 266 266 262 257 8 47 55 62 80 122 175 199 199 193 187 129 74 70 69 74 84 137 199 199 196 200 204
211 197 133 99 87 83 100 142 187 210 234 241 227 190 153 135 128 127 153 222 245 264 273 269 245 162 131 119 114 111 112 118 139 157 150 293 303 303 301 300 305 308 311 320 356 63 74 59 41 36 37 43 49 57 71 87 111 130 142 145 132 119 153 253 261 263 262 260 256 252 247 239 228 225 68 52 58 64 74 109 184 194 197 204 200 116 88 84 84 84 94 156 180 189 197 201
214 213 173 113 93 88 97 114 199 237 248 240 217 182 147 130 124 128 174 264 274 273 261 240 197 160 150 137 123 112 107 107 116 146 312 306 301 299 296 294 298 301 311 332 14 34 30 22 18 20 22 27 33 41 52 62 75 96 121 147 148 142 184 256 265 267 268 267 261 251 240 229 224 228 225 61 65 68 68 68 93 173 198 209 211 171 108 93 88 84 81 96 131 171 197 205
245 242 203 123 100 94 96 101 193 245 253 233 210 178 147 130 125 139 244 280 273 249 224 207 180 162 164 151 127 117 111 107 110 301 311 308 297 288 284 282 283 285 306 332 16 26 18 13 12 16 20 25 32 42 53 62 69 80 95 129 151 166 230 268 273 274 277 277 274 265 254 243 242 250 255 73 71 71 67 58 56 71 172 208 214 196 142 108 98 95 95 97 100 121 181 208
296 288 222 126 109 93 85 86 124 235 241 224 202 172 147 133 128 161 251 265 241 207 197 194 179 171 185 155 121 118 117 115 142 291 305 312 302 286 278 273 268 264 290 319 16 22 12 7 10 17 24 28 34 45 57 67 75 82 91 111 143 202 259 274 275 276 278 278 277 278 280 281 278 275 275 75 73 70 63 53 53 61 79 187 211 202 175 141 123 122 126 126 118 112 138 199
302 302 121 120 115 93 85 87 87 235 232 218 192 163 145 134 126 179 251 250 195 173 185 192 187 198 222 143 114 116 119 120 233 279 294 310 312 294 281 273 264 252 235 255 70 28 1 356 8 25 32 34 40 53 66 75 83 89 95 108 142 247 268 271 270 270 271 270 270 273 280 288 288 280 278 48 71 66 62 59 62 69 74 100 193 198 185 161 139 136 143 147 142 127 124 179
287 170 130 129 133 123 107 100 91 220 230 216 185 156 140 131 121 183 248 243 166 146 173 192 200 226 232 138 115 116 118 123 262 273 280 294 310 302 292 283 275 240 202 208 192 193 219 265 2 50 53 54 62 73 81 86 92 97 101 112 173 263 271 270 268 267 266 265 264 264 264 265 269 272 275 17 66 65 66 68 72 75 73 74 111 172 180 171 149 137 144 155 156 142 125 152
262 129 125 135 149 145 127 119 110 85 226 212 189 157 131 120 115 166 244 232 163 137 160 189 212 230 214 146 123 120 122 141 261 266 264 265 281 294 297 295 290 167 163 195 195 199 209 221 205 121 111 114 112 106 101 99 102 105 106 117 235 270 274 277 274 272 271 272 273 271 266 263 268 273 277 306 56 60 64 64 66 69 66 62 65 95 145 170 160 142 142 154 162 156 136 142
301 105 110 122 143 149 138 143 204 341 224 209 204 171 109 96 87 81 236 215 168 142 152 186 217 222 195 150 131 127 127 197 264 257 249 245 254 271 284 290 293 106 124 190 200 205 215 225 216 139 124 131 134 128 118 111 112 112 111 127 266 276 278 280 279 277 278 282 288 294 294 290 279 266 253 242 53 66 71 68 65 63 59 56 58 71 90 134 163 157 149 153 166 163 142 138
26 83 95 103 121 136 131 266 315 336 349 349 338 4 59 58 41 30 69 180 163 149 153 184 214 212 183 150 135 132 123 315 304 273 252 248 253 260 267 270 243 103 110 180 206 214 224 233 230 136 115 122 130 130 124 118 117 118 117 177 269 275 276 277 276 275 276 281 288 298 301 285 247 226 225 220 111 112 119 122 110 89 73 65 67 72 76 88 131 165 170 161 154 154 142 134
56 77 85 93 107 124 88 302 310 330 351 353 357 18 38 34 26 28 53 98 134 149 157 182 208 202 173 148 137 150 311 321 332 330 290 269 266 265 264 261 187 98 101 156 206 221 231 238 235 146 107 107 112 117 118 118 118 120 130 237 266 269 270 270 270 269 268 268 269 265 238 201 202 215 233 236 135 118 127 143 152 146 129 106 89 80 75 77 92 144 211 233 91 116 132 134
89 93 97 111 111 155 213 274 280 291 352 359 8 26 31 28 25 32 54 74 91 119 147 178 202 195 166 145 147 297 306 317 335 351 336 295 275 271 271 268 232 89 92 129 199 222 233 239 236 167 105 99 99 102 106 113 118 123 159 252 263 264 265 262 262 261 258 253 244 223 192 187 212 240 257 263 120 104 107 123 148 163 162 149 125 99 88 84 87 104 253 279 51 77 97 117
110 107 106 117 160 202 228 226 210 190 13 7 15 21 24 24 27 32 47 58 59 62 79 140 191 188 166 154 267 293 299 307 326 349 353 330 290 276 275 278 335 82 86 105 179 222 234 240 239 196 104 98 98 96 97 104 113 122 214 254 256 259 259 253 253 252 246 240 229 211 193 207 246 262 268 271 92 91 91 95 111 146 164 169 161 133 111 101 95 101 251 259 46 68 73 86
125 118 113 119 152 184 200 202 197 192 191 235 323 5 19 26 30 38 46 47 48 52 61 122 171 171 170 196 274 284 288 292 304 328 346 349 325 293 281 281 332 79 84 91 128 221 239 245 245 219 108 102 103 101 98 100 106 119 252 259 258 260 259 248 249 247 242 237 230 222 222 251 267 270 271 267 85 89 89 88 87 100 136 168 179 164 134 116 105 108 247 250 198 87 79 79
141 127 117 117 134 151 182 198 206 215 219 215 239 292 1 22 28 33 43 49 54 57 60 75 117 169 255 276 277 276 274 274 285 309 337 337 341 315 289 278 300 84 86 86 100 211 244 250 251 224 113 107 109 109 104 103 107 135 270 274 273 272 269 262 260 258 254 251 249 251 260 272 276 278 276 260 104 98 97 93 89 92 107 147 184 185 157 129 121 137 242 248 193 124 108 95
161 145 126 119 104 88 65 307 311 319 324 225 233 249 296 3 23 32 44 55 63 67 70 76 85 314 283 282 280 275 266 255 252 263 284 322 314 286 267 209 98 93 92 96 178 245 245 252 250 212 120 113 116 117 111 106 108 233 283 291 292 288 288 287 277 273 271 269 267 266 267 270 273 277 278 206 114 107 106 102 99 100 103 121 174 192 174 145 137 176 254 247 172 137 129 118
179 171 152 158 157 84 353 297 304 322 349 280 244 246 262 312 11 31 44 52 58 66 75 82 86 301 287 289 291 291 276 243 234 242 243 239 246 251 242 171 110 101 98 100 143 244 250 242 194 127 118 120 122 118 113 115 115 280 290 297 301 303 309 314 296 282 275 271 268 265 265 265 266 268 266 129 112 109 110 110 108 108 108 111 148 188 179 156 156 260 276 238 148 135 132 128
197 196 181 190 190 148 193 259 269 279 324 358 311 267 262 276 338 28 41 46 50 58 68 76 80 285 280 284 292 303 302 203 218 232 231 224 224 234 230 152 110 102 101 104 131 233 243 231 184 134 121 121 124 123 122 157 283 293 298 303 310 318 327 326 310 290 290 277 272 274 278 278 275 272 258 119 106 103 103 107 110 112 113 112 126 170 178 173 251 284 280 160 138 136 133 133
212 213 204 189 176 164 188 235 246 246 257 354 344 317 288 278 298 12 36 42 48 57 65 69 71 282 268 270 273 271 138 159 210 231 233 233 237 244 236 131 101 97 98 101 126 217 235 224 180 137 122 120 123 126 135 241 276 287 293 299 307 314 324 335 338 329 309 293 290 293 296 297 297 309 94 96 91 94 90 93 98 102 104 103 104 130 179 247 278 280 210 137 138 142 142 144
214 211 202 183 171 168 206 253 263 265 271 303 328 332 319 297 289 334 33 47 56 65 72 75 76 180 256 256 248 205 148 160 217 240 244 245 245 247 242 114 92 91 92 94 114 199 227 218 180 140 123 116 116 121 157 264 272 277 284 291 298 304 314 329 344 351 341 316 299 293 294 301 314 13 86 97 96 86 84 84 83 81 80 82 92 191 261 261 261 236 157 135 135 144 155 162
212 208 200 186 180 197 269 284 290 298 302 286 304 322 330 324 309 313 38 65 73 78 83 84 86 120 243 245 230 186 153 174 230 243 243 241 239 241 242 121 87 87 88 88 98 159 219 213 185 148 126 115 110 111 255 275 272 271 277 284 286 292 302 320 342 357 355 335 311 291 284 286 303 69 95 102 102 91 88 84 78 73 72 75 80 130 244 234 198 155 136 130 138 158 172 166
217 211 204 201 221 267 287 287 290 301 308 298 299 309 325 337 334 327 70 88 89 88 87 86 87 109 229 236 220 181 156 196 238 238 232 232 237 244 251 199 84 84 86 88 90 111 201 210 189 158 134 120 112 116 252 266 268 269 272 275 274 277 285 301 330 352 357 348 328 303 287 279 275 93 92 92 94 97 94 90 82 74 68 67 73 104 212 212 182 156 141 131 129 145 166 168
273 238 236 254 275 286 287 283 283 291 300 306 303 307 320 346 21 151 126 108 98 92 88 85 85 96 211 231 217 181 163 215 239 232 230 239 249 258 262 252 87 87 89 92 88 94 153 204 190 164 143 126 117 133 253 266 267 267 267 265 264 264 265 269 291 328 347 350 337 316 298 283 268 83 72 63 61 94 91 84 74 63 59 60 68 87 170 196 175 158 147 137 129 128 145 162
9 339 295 291 292 292 288 283 282 286 291 305 307 309 324 68 125 152 148 128 107 96 92 88 84 85 147 226 212 180 175 220 235 236 245 256 263 267 267 230 96 93 96 100 93 92 104 181 185 166 150 133 121 150 252 261 266 270 271 268 267 264 257 251 253 273 311 335 339 319 289 259 218 108 55 43 41 66 65 59 53 49 54 61 68 75 100 176 169 153 142 133 127 119 117 133
21 14 327 301 292 287 285 282 281 283 285 298 304 312 355 69 92 117 138 137 120 107 98 88 79 78 90 209 202 177 185 225 240 249 260 264 265 265 262 210 99 97 101 104 101 96 92 117 162 163 157 147 138 179 252 263 273 280 286 293 295 294 286 271 262 263 279 305 337 338 214 202 193 189 162 39 40 45 48 47 46 48 56 63 66 66 68 83 131 113 80 57 38 25 24 42
28 28 349 307 294 287 283 279 279 281 281 281 294 308 16 56 60 65 79 100 102 87 70 59 61 67 73 127 188 176 201 240 252 260 264 262 258 254 249 211 100 98 101 103 105 99 94 101 128 150 157 157 160 227 271 279 286 291 298 304 307 312 318 317 305 292 286 290 336 99 151 181 190 196 204 206 69 48 57 58 53 53 58 63 64 60 56 42 18 10 4 3 2 2 10 30
39 44 6 311 302 297 285 274 274 277 279 277 282 283 90 85 66 56 53 51 47 42 40 48 58 65 73 91 155 178 225 254 259 259 257 254 249 245 243 225 101 98 99 100 103 102 101 103 114 133 150 164 243 290 289 288 289 291 294 296 298 305 315 322 316 304 292 285 357 94 116 162 187 197 207 213 194 68 73 72 62 59 62 64 63 57 51 34 7 358 348 347 353 354 8 33
56 58 12 316 311 308 293 272 268 269 272 268 267 214 147 144 145 80 47 37 31 33 46 60 68 71 74 80 105 181 244 256 255 251 247 242 239 239 244 237 100 97 98 98 99 101 104 107 111 119 139 289 305 302 294 291 289 288 286 284 285 289 295 296 293 282 268 260 237 82 88 116 172 196 207 214 212 89 78 74 66 65 67 66 60 52 48 31 2 352 341 337 346 351 11 39
68 60 359 318 317 325 325 294 272 265 261 245 237 170 148 154 181 202 49 36 37 45 61 73 76 74 71 69 73 123 244 249 248 245 240 234 233 237 244 231 111 100 100 101 103 100 105 112 118 124 239 290 296 294 290 289 290 289 284 280 278 277 274 260 239 221 222 234 239 77 77 86 125 184 204 213 218 129 83 72 64 64 67 64 56 48 44 29 359 346 336 328 337 351 24 49
73 54 344 315 318 332 340 331 299 269 253 218 193 155 144 152 194 221 211 132 87 78 78 82 84 79 72 69 67 65 246 247 246 245 240 235 233 238 241 217 129 110 107 107 109 103 105 111 122 148 255 277 283 283 280 280 282 281 277 274 270 263 241 210 197 195 213 239 253 70 76 78 89 140 196 214 225 228 86 66 54 53 57 58 51 43 41 30 4 343 330 318 318 77 97 80
81 55 320 310 317 330 341 349 337 273 234 194 172 150 143 152 202 222 207 177 146 118 100 93 92 89 82 77 73 71 214 247 246 245 244 239 235 238 236 203 142 121 115 115 116 107 106 108 116 199 274 280 282 280 274 269 266 261 258 256 248 231 204 187 189 202 238 261 270 52 75 75 75 85 158 216 230 231 108 57 45 45 50 51 46 39 39 35 21 358 308 227 171 159 154 139
87 33 305 305 314 326 337 1 23 219 193 177 165 151 144 157 203 218 203 182 163 144 122 106 101 97 90 85 82 87 127 241 247 249 249 244 238 237 228 193 147 128 122 123 125 113 109 110 119 278 289 291 293 295 284 267 256 245 237 232 223 210 196 192 208 239 265 272 275 40 75 74 73 75 91 207 228 223 215 80 46 50 54 52 45 38 41 43 40 45 114 161 160 159 159 152
78 335 302 301 309 321 337 17 54 86 141 158 164 154 149 162 202 213 197 181 168 157 140 121 109 102 97 95 95 97 115 246 254 256 254 247 238 232 219 188 152 134 128 130 132 120 116 120 164 273 287 293 299 306 309 294 278 260 239 231 224 218 215 226 253 269 271 269 267 61 78 77 77 78 84 141 218 216 214 204 137 82 78 76 70 59 55 53 47 47 62 98 132 145 148 129
