resources/data_files/GISData/MooreBranch_aspect.txt
ncols         547
nrows         545
xllcorner     428547.00781257
yllcorner     3403788.7077775
cellsize      30
[rows 88 to 131 of 545, columns 192 to 287 of 547]
61 62 62 62 65 76 239 251 252 247 213 145 138 168 206 206 196 191 188 185 179 153 115 101 85 57 46 47 44 20 341 328 352 42 26 335 319 312 307 53 156 126 115 115 117 109 95 65 329 312 323 358 36 56 65 66 63 62 113 206 222 231 239 242 244 248 250 250 254 257 254 246 230 348 21 33 40 45 49 48 45 46 55 190 193 166 166 168 237 249 251 253 252 246 232 200
62 65 66 65 66 70 216 234 240 231 196 150 148 179 201 196 188 190 196 199 198 179 130 89 47 30 36 42 37 10 338 332 4 41 19 330 316 315 326 9 95 83 65 56 63 70 60 7 321 308 314 5 55 68 71 70 64 54 50 79 224 236 242 242 243 244 244 245 248 248 246 235 209 210 187 67 53 51 53 53 51 52 52 64 169 176 175 246 250 246 242 237 226 209 186 164
63 66 68 68 68 69 87 228 233 224 194 151 153 189 200 193 189 201 219 220 212 206 170 27 16 24 35 37 27 2 341 340 12 31 12 341 327 326 332 349 26 27 33 44 56 62 41 337 317 306 309 42 80 81 78 77 73 66 61 60 213 246 246 243 240 239 237 237 236 234 230 216 192 196 195 187 109 64 58 56 57 57 57 63 92 178 202 250 251 242 233 224 212 197 182 167
66 68 70 70 69 69 73 200 230 222 196 154 158 198 201 204 223 265 286 302 315 313 325 349 10 25 35 39 26 358 337 341 18 32 11 342 332 331 334 342 8 22 42 58 66 63 21 320 314 311 316 102 102 94 86 82 79 75 73 71 75 250 248 241 234 233 229 226 224 221 217 205 191 188 196 202 191 107 65 63 63 62 61 66 74 126 218 246 247 237 227 217 206 194 183 172
74 75 75 74 70 69 73 88 230 222 199 164 168 209 219 249 279 298 311 327 341 337 329 340 8 26 37 43 30 358 337 344 21 31 358 335 334 336 339 352 54 46 72 82 82 68 358 311 311 321 94 118 118 106 95 88 83 78 77 76 75 259 251 242 232 225 218 215 216 215 211 203 197 191 202 211 211 193 86 73 72 68 65 65 64 62 218 240 239 232 224 213 205 195 185 179
90 85 82 78 74 73 73 73 228 225 206 184 199 244 272 285 289 292 299 317 336 336 324 327 5 38 49 47 25 0 352 357 12 4 342 333 336 343 357 51 102 92 102 103 95 62 335 299 295 17 108 120 128 120 106 96 90 85 84 85 86 254 251 241 230 220 212 209 210 212 212 207 209 217 212 220 223 220 151 86 81 75 69 66 64 65 81 234 233 228 220 212 207 198 189 185
110 94 88 85 82 79 73 66 199 227 218 218 246 276 288 292 292 290 289 296 311 315 307 309 6 56 62 51 22 3 6 9 3 339 323 325 336 356 40 86 105 113 113 107 65 14 342 296 275 112 105 114 129 131 117 104 96 90 86 87 89 252 257 246 230 217 208 205 207 212 216 216 223 230 223 227 229 228 197 99 87 81 76 74 76 80 96 209 226 225 219 214 212 203 192 187
140 113 100 93 88 82 75 67 65 226 227 237 256 272 280 285 289 291 291 285 267 268 280 291 1 61 64 53 29 11 16 9 354 323 305 309 332 28 76 93 100 111 106 55 353 359 1 329 282 99 97 103 118 130 124 111 102 91 83 80 78 179 247 238 220 207 203 203 208 215 220 222 228 232 231 231 232 230 205 114 92 86 84 85 88 91 105 182 222 224 221 219 214 206 194 185
158 134 113 100 94 89 83 79 65 84 234 242 251 260 265 267 269 268 260 220 204 229 253 265 309 69 65 46 22 7 1 357 351 334 311 297 310 83 92 94 94 100 78 337 337 356 15 10 343 82 89 91 97 107 111 107 101 87 77 71 67 64 231 219 203 197 198 203 209 219 224 226 230 227 230 231 233 233 213 124 93 85 84 86 89 92 103 170 229 229 224 223 216 208 196 180
164 146 128 117 110 105 100 94 76 73 230 241 245 248 249 247 243 235 216 186 188 218 239 242 216 102 69 32 9 0 354 352 349 346 332 270 184 129 108 99 91 85 5 318 328 354 22 27 27 75 84 81 77 76 79 80 73 69 67 59 54 52 49 208 198 192 194 203 213 222 225 229 231 229 226 231 237 243 240 95 76 73 73 76 79 82 88 151 227 225 223 229 223 213 201 172
168 152 140 132 127 122 114 107 88 81 105 240 242 240 237 235 231 223 205 184 191 219 234 233 218 160 38 8 0 355 354 353 351 6 62 153 166 151 128 112 98 59 332 318 327 353 27 41 52 75 79 73 65 61 62 61 54 55 54 47 45 44 37 17 0 169 187 207 216 221 223 227 234 240 232 242 252 261 277 355 47 56 59 62 65 68 72 100 216 214 219 231 222 212 200 167
170 157 146 141 139 133 118 107 104 101 94 243 244 239 234 232 229 221 204 188 200 227 236 237 237 257 323 347 354 355 358 5 22 90 114 135 156 160 147 132 127 4 314 315 326 355 37 55 64 74 74 67 60 57 58 56 50 49 45 40 41 41 35 19 13 20 20 14 214 218 221 227 239 251 250 259 266 273 286 332 31 46 50 54 58 62 67 74 210 202 212 224 213 205 195 175
171 160 152 150 150 144 115 85 57 105 84 240 245 239 233 234 232 222 208 199 220 242 245 245 250 265 290 320 348 3 28 84 119 127 125 130 145 158 158 152 178 284 293 301 313 358 57 69 72 74 71 65 60 58 57 53 47 46 43 40 41 41 36 24 19 25 29 40 58 215 219 226 239 252 262 268 271 273 278 302 20 44 50 54 57 62 66 69 101 174 192 215 208 202 195 196
171 161 153 153 157 161 30 22 13 20 27 45 239 229 228 237 238 229 227 236 255 259 255 256 262 270 281 296 345 80 117 127 133 136 133 129 134 148 159 167 197 247 259 255 242 181 100 90 84 79 74 69 65 61 58 53 48 49 50 48 44 40 36 30 30 36 42 46 46 51 207 226 239 249 260 265 268 269 268 270 337 48 55 58 61 64 67 66 73 142 165 201 205 204 205 219
168 154 134 120 316 319 336 357 9 13 39 64 158 217 234 250 254 255 262 272 277 271 269 273 275 277 281 291 54 108 122 128 134 139 137 132 129 135 150 171 204 224 233 220 207 187 140 114 103 92 84 78 72 66 62 59 58 60 62 57 47 41 38 37 42 47 48 45 43 48 61 227 240 245 254 256 259 261 257 245 236 69 62 63 65 66 65 63 70 119 156 192 206 213 222 235
356 0 23 20 324 321 337 0 26 31 63 78 96 240 267 273 276 279 277 275 279 284 287 288 287 284 284 296 64 93 107 115 120 124 120 110 101 96 105 146 204 217 222 211 205 194 159 132 126 115 100 90 85 81 79 79 79 78 76 68 56 52 52 55 60 61 56 49 48 53 59 92 235 242 248 249 250 249 241 226 223 212 71 67 69 69 67 65 67 89 138 197 221 229 233 235
8 5 24 351 317 320 341 18 60 62 85 92 94 275 276 277 280 280 272 268 277 290 295 297 296 291 286 295 59 75 79 78 64 45 38 40 41 45 52 59 147 211 214 209 207 199 169 143 142 141 123 111 109 111 111 109 108 102 95 91 89 87 85 83 80 74 60 59 69 74 75 86 204 240 245 246 244 239 228 217 220 225 140 77 75 74 70 67 65 70 87 209 235 237 235 233
23 26 27 327 306 312 350 62 88 89 103 110 114 265 268 269 270 269 263 265 274 284 289 292 296 295 288 292 49 61 58 45 27 22 25 32 37 43 48 45 33 20 209 210 211 202 172 147 149 158 148 134 130 132 133 132 132 125 117 118 119 109 96 85 77 77 92 108 113 103 88 88 120 242 248 246 242 234 222 214 217 223 204 103 80 74 69 66 64 64 67 93 239 240 240 241
41 37 20 325 303 304 63 96 98 98 106 116 128 256 262 262 261 256 257 263 267 270 273 275 281 288 286 287 31 51 47 34 23 28 38 47 51 52 46 34 20 19 208 211 210 199 174 152 152 164 161 145 137 137 139 141 144 140 133 131 121 80 70 55 50 69 100 130 150 147 102 89 97 227 243 246 242 233 222 216 220 222 212 156 89 74 67 66 65 65 66 64 243 242 239 238
68 43 14 328 306 303 103 102 102 99 102 116 144 215 247 253 251 246 252 258 258 258 259 261 265 271 272 266 44 59 50 39 32 41 50 51 48 41 33 23 17 24 26 40 200 192 175 158 155 165 165 149 136 132 132 133 135 134 128 91 11 31 42 21 28 57 75 95 147 181 141 102 98 170 236 244 241 233 225 222 224 226 222 202 104 79 71 69 68 68 67 66 37 246 238 232
68 39 8 328 303 130 109 104 105 103 110 148 160 181 229 244 245 244 251 257 258 257 258 260 261 259 249 224 187 156 96 65 51 52 50 41 34 30 26 24 27 42 37 46 68 164 168 153 147 154 158 149 135 123 113 79 41 31 16 2 4 21 21 4 16 45 56 59 61 151 157 130 105 119 234 242 239 231 225 223 225 229 231 228 133 89 80 76 74 73 70 67 66 243 236 235
24 20 7 344 17 133 123 112 108 110 130 169 172 177 223 244 249 252 260 266 268 268 269 270 267 256 233 198 184 180 164 133 105 80 61 42 31 29 27 30 39 50 55 53 40 23 24 41 60 87 115 129 122 103 39 346 355 10 14 13 16 18 9 359 8 34 48 50 48 50 102 140 127 122 220 241 236 229 223 220 221 225 229 226 186 106 89 83 79 78 76 74 75 215 231 229
8 10 25 73 130 138 133 121 111 112 134 174 182 187 230 255 263 270 276 279 279 278 277 276 272 255 217 185 183 186 178 159 149 143 136 123 83 52 37 38 43 42 53 41 23 14 19 30 41 57 70 78 75 27 337 328 342 10 28 32 30 20 5 354 0 23 40 47 48 48 63 102 130 136 198 237 232 225 218 215 216 221 226 225 208 137 91 82 80 79 76 73 70 62 232 218
1 10 46 84 111 125 125 117 110 108 124 171 189 208 253 272 277 283 288 286 283 277 273 270 262 235 192 178 187 190 180 156 146 152 163 171 172 171 150 55 45 35 37 27 17 16 27 40 53 65 74 76 33 339 324 319 331 11 39 48 46 31 2 339 346 12 35 48 52 54 60 73 97 127 184 228 226 221 215 214 217 223 229 231 221 185 100 77 75 76 71 63 57 51 70 196
359 12 42 64 74 80 82 83 84 86 119 166 197 243 273 281 282 287 292 287 278 267 260 253 237 203 176 178 194 195 183 149 127 138 160 175 182 192 200 178 104 62 28 24 23 30 45 62 74 82 88 79 336 322 317 313 321 9 47 56 57 44 352 322 329 2 40 56 61 63 67 71 79 94 159 217 221 219 215 214 217 222 229 232 222 204 168 77 67 66 64 61 55 48 48 83
11 31 48 50 44 45 45 54 62 65 93 136 223 263 275 278 279 283 287 282 267 252 243 234 215 190 174 181 197 197 194 159 111 113 139 169 187 201 204 189 174 163 48 43 48 59 74 86 91 96 100 21 316 318 315 313 319 6 51 62 64 52 334 317 325 2 48 64 68 71 71 71 75 80 101 211 220 219 213 213 216 220 226 227 217 205 209 144 65 61 60 61 58 51 49 52
9 25 40 39 33 38 50 58 59 56 67 265 268 270 271 272 272 274 276 270 254 237 228 220 203 185 176 184 197 200 207 190 106 95 101 136 182 199 198 187 179 175 170 136 119 109 106 103 100 99 92 317 316 320 319 316 319 10 61 71 71 45 325 319 330 14 56 69 73 72 61 53 60 68 78 200 219 216 211 216 223 225 224 222 211 204 216 214 105 69 61 60 60 60 62 68
7 21 36 37 36 45 56 62 61 59 60 299 267 267 265 263 261 259 255 239 221 215 210 197 182 177 187 187 201 214 235 228 103 88 81 87 133 182 189 182 178 178 175 162 150 137 125 114 105 96 358 316 317 320 321 318 323 35 78 82 73 11 329 327 340 34 65 72 72 63 35 32 47 55 58 152 220 210 210 222 230 229 224 219 211 209 221 221 188 104 71 64 65 69 79 85
3 22 40 47 52 61 67 69 68 69 65 43 266 266 262 258 251 246 245 222 195 197 198 188 179 180 198 229 259 277 297 95 92 84 82 93 134 134 168 173 174 176 176 170 162 153 138 123 112 91 317 314 318 321 323 323 335 71 89 85 56 346 336 339 1 52 70 73 69 49 7 19 45 52 50 44 222 205 207 225 232 231 223 218 215 217 227 225 203 164 107 78 73 73 81 88
2 28 51 61 68 74 76 76 76 77 75 75 262 261 257 251 242 238 233 194 168 177 183 179 185 209 263 288 295 300 29 96 101 98 97 98 107 127 150 165 168 168 168 169 163 152 134 120 120 319 305 311 317 321 326 333 26 91 96 81 12 335 341 354 29 62 72 74 66 27 345 10 46 55 50 42 36 107 197 228 234 229 217 213 215 221 229 225 204 185 161 114 88 78 79 87
6 40 64 73 79 83 82 81 81 82 81 87 252 252 247 239 231 229 217 180 159 167 182 192 241 288 304 306 304 311 83 101 110 112 112 109 103 93 87 84 81 93 114 168 164 155 140 133 298 301 307 313 320 328 357 82 101 99 99 66 331 327 346 16 49 66 73 73 61 355 330 8 52 58 51 43 39 41 44 235 233 221 210 211 215 221 227 219 200 188 179 158 128 99 86 85
3 54 75 81 84 86 85 84 84 86 84 90 237 242 236 227 224 223 205 174 156 165 210 271 299 305 306 304 303 336 89 97 105 109 105 94 80 68 51 18 10 27 37 138 141 136 132 282 291 295 301 307 315 331 66 102 108 101 347 310 322 357 39 61 69 72 69 42 42 334 322 12 57 58 49 43 39 37 38 38 226 216 210 216 217 220 223 213 196 187 183 174 162 140 108 94
228 88 88 88 88 88 88 87 87 88 88 92 208 233 228 222 224 219 194 169 158 191 276 294 303 303 297 290 287 49 83 83 83 79 70 64 65 66 30 352 359 20 35 41 56 76 89 277 282 286 290 296 303 9 104 108 107 99 296 293 305 16 62 70 71 69 57 17 331 322 17 54 52 45 43 43 38 39 41 41 36 214 217 219 215 221 222 211 195 186 185 181 176 165 142 118
211 140 107 99 96 94 93 91 89 88 91 94 157 224 225 226 225 211 184 166 179 277 288 290 290 285 273 259 244 166 79 70 62 56 54 60 65 44 347 340 359 29 47 41 50 64 71 273 273 274 274 275 262 128 114 109 103 90 280 272 256 141 88 75 69 60 38 4 337 329 12 43 45 45 47 50 44 46 47 43 29 244 211 210 220 221 209 194 186 186 187 186 181 174 160 138
208 169 131 114 106 102 100 96 91 89 89 93 114 220 234 237 228 204 177 181 263 281 279 270 257 245 235 227 216 201 114 64 57 53 56 60 50 1 334 339 10 42 56 52 56 62 59 274 268 263 258 248 201 132 115 107 101 60 271 260 228 169 124 80 61 46 21 0 347 340 5 37 46 50 54 58 54 55 55 48 35 35 102 188 215 219 207 193 189 193 193 186 181 172 147 132
203 180 153 130 116 109 106 102 96 92 88 88 92 224 245 238 226 202 185 246 271 270 261 244 229 220 215 211 207 203 200 114 62 53 52 50 26 342 328 339 21 51 60 60 60 60 57 278 263 255 244 228 185 134 115 102 88 323 274 262 227 155 157 145 91 44 11 0 355 352 7 46 59 60 60 60 60 59 54 45 37 37 58 101 201 218 206 191 193 198 198 191 187 179 153 147
199 185 171 150 130 119 115 111 105 99 92 85 79 -1 234 237 234 230 264 282 269 257 243 230 221 215 211 207 203 201 203 200 139 48 44 38 11 339 331 344 35 62 69 64 65 64 64 282 257 247 236 221 189 139 107 87 65 341 284 274 281 78 107 152 160 175 235 331 350 0 28 61 66 61 56 53 58 53 47 41 34 32 48 65 98 219 203 188 191 200 203 198 190 178 156 148
195 188 181 167 145 129 122 118 113 106 95 86 80 -1 276 271 271 277 289 290 267 252 246 238 228 219 214 209 202 199 200 209 223 318 34 27 5 343 341 5 61 80 84 86 76 75 72 354 255 245 237 230 214 142 77 63 47 351 303 297 319 18 43 64 120 177 195 201 202 195 123 74 59 50 46 48 52 50 47 42 35 33 46 60 69 224 201 186 189 203 209 204 194 181 158 139
190 183 183 176 156 137 125 118 115 109 100 87 82 314 300 290 290 294 296 295 280 267 261 251 234 222 219 215 205 196 196 213 233 252 355 14 1 349 358 43 83 94 95 92 86 83 74 30 272 254 247 246 255 310 31 40 33 355 317 310 320 1 40 52 62 105 176 192 193 190 185 173 131 71 55 55 52 53 50 45 38 37 47 55 55 44 -1 -1 224 222 215 205 198 193 166 131
107 147 170 175 160 142 128 117 112 110 107 92 88 308 298 295 294 295 299 301 296 278 261 246 233 228 222 212 197 188 198 235 258 269 306 358 359 356 27 74 92 99 97 92 89 83 68 15 304 276 263 261 272 301 3 26 24 358 326 315 317 357 51 63 68 79 115 177 192 191 191 188 182 170 138 86 69 56 51 44 37 35 39 42 38 27 26 44 -1 -1 224 206 205 211 183 136
20 40 63 119 140 135 131 122 115 116 119 103 93 308 305 304 297 292 291 290 282 264 249 236 227 225 212 195 187 198 251 285 288 289 301 340 1 25 81 92 96 96 90 81 85 76 57 353 315 304 292 282 281 296 341 16 19 359 334 321 320 19 85 96 99 99 100 124 188 196 195 192 188 185 178 147 89 61 52 44 36 32 31 32 29 25 32 42 44 -1 -1 -1 224 228 199 147
23 40 58 79 106 116 123 125 122 125 131 124 184 306 312 315 304 284 264 251 242 235 231 219 207 213 220 227 291 307 306 304 300 299 303 153 164 157 117 99 92 84 73 65 73 66 40 334 315 315 316 307 296 299 328 6 14 359 341 331 338 99 113 117 119 113 100 80 87 195 198 194 193 192 189 178 130 69 57 48 38 32 30 31 30 28 38 46 46 44 -1 -1 -1 234 205 156
43 68 88 101 112 113 113 117 122 131 149 156 277 300 310 322 321 265 238 232 224 219 218 209 214 255 284 318 330 323 312 305 301 298 147 140 160 171 135 95 78 64 60 60 61 50 10 331 314 312 319 317 308 305 321 355 5 359 350 349 79 113 117 118 110 82 49 38 33 23 14 180 194 190 186 180 160 87 68 55 39 34 34 37 36 34 42 48 47 46 44 -1 -1 295 323 80
78 98 111 121 129 128 125 120 119 133 181 230 277 290 302 328 8 5 266 257 249 242 231 239 282 297 306 318 324 320 311 302 294 255 135 134 154 183 169 83 61 56 60 61 55 26 351 335 318 309 309 311 307 304 313 339 357 5 11 65 109 113 111 98 50 24 27 32 29 19 15 13 14 36 110 151 153 124 95 71 45 38 37 38 39 37 39 41 42 40 33 22 6 332 344 32
