resources/data_files/OtherData/weahter_short_interval10s.txt
ncols	5
nrows	1800
[rows 0 to 290 of 1800, columns 0 to 4 of 5]
Hour Min Temp wspd Dir
0 0.0 0 3.017236664287635 173.05707755166583
0 0.16666666666666666 0 4.462668854000703 128.08174859253097
0 0.3333333333333333 0 3.2601185688052094 222.87323878082285
0 0.5 0 3.1062878753861787 103.02636149851993
0 0.6666666666666666 0 3.8237060399128553 135.88094372352853
0 0.8333333333333334 0 4.399295125919896 66.0680894730789
0 1.0 0 4.913711631528649 206.5015105006055
0 1.1666666666666667 0 3.0184368585674326 248.21481785993927
0 1.3333333333333333 0 4.596326741555335 105.82367633554956
0 1.5 0 4.760716994888944 231.83817667631038
0 1.6666666666666667 0 3.6523570345942744 96.04316620724839
0 1.8333333333333333 0 4.232802558344239 164.80304420591725
0 2.0 0 3.0040743919789064 74.16040032850105
0 2.1666666666666665 0 4.270282376750602 180.33535431481488
0 2.3333333333333335 0 4.066655245281519 217.67198234788273
0 2.5 0 4.490403446401768 88.82073664486587
0 2.6666666666666665 0 4.057711755586545 162.2180659458403
0 2.8333333333333335 0 4.469801980755863 230.57829577970176
0 3.0 0 3.2925661945620748 179.62437315450933
0 3.1666666666666665 0 3.439135102442944 82.75515728057847
0 3.3333333333333335 0 3.799556862270113 144.5041309432524
0 3.5 0 3.099411143756047 198.83917518492268
0 3.6666666666666665 0 4.208806669571359 178.56173881668522
0 3.8333333333333335 0 3.190206382367088 125.88868593234103
0 4.0 0 4.799524924263234 143.96663599338856
0 4.166666666666667 0 4.777846586971148 92.42967595233624
0 4.333333333333333 0 4.835053062065686 220.64227732628962
0 4.5 0 3.882022713688628 89.07243379282008
0 4.666666666666667 0 3.871507725168091 247.04181144559988
0 4.833333333333333 0 4.022201001507458 74.25122969343539
0 5.0 0 3.5950124405055193 129.9585117755234
0 5.166666666666667 0 4.540577252524722 229.0921218173144
0 5.333333333333333 0 4.924152141219604 236.14561660596232
0 5.5 0 4.146217243759884 58.26563192944223
0 5.666666666666667 0 4.608424324809273 66.99683927853563
0 5.833333333333333 0 4.025414101000566 87.78248698766006
0 6.0 0 4.360100654393909 87.2652915828645
0 6.166666666666667 0 4.076185657819613 146.04229518535593
0 6.333333333333333 0 3.6760555502727215 129.77520875656754
0 6.5 0 3.3502248111395163 131.04648927983385
0 6.666666666666667 0 4.93775609856988 130.3073183931054
0 6.833333333333333 0 3.623505814284192 164.5384841851014
0 7.0 0 4.121750882820566 60.315384258734504
0 7.166666666666667 0 3.1671415843253 112.9355720477316
0 7.333333333333333 0 4.509633781472699 219.85794438946309
0 7.5 0 4.252976227294186 215.2686163595473
0 7.666666666666667 0 4.155601608172439 129.10582506241542
0 7.833333333333333 0 4.703788764932444 199.94714583415399
0 8.0 0 4.551362433846654 114.0125797680636
0 8.166666666666666 0 4.885873830931779 195.0190632916239
0 8.333333333333334 0 3.922295010409648 120.21161985386028
0 8.5 0 4.94215617132264 140.6956898825086
0 8.666666666666666 0 3.8953975607198297 108.93026542987765
0 8.833333333333334 0 4.776886374474141 98.26453780042516
0 9.0 0 4.898706947623752 189.68759713006838
0 9.166666666666666 0 3.3283558180997335 216.11356238410514
0 9.333333333333334 0 3.5835088399229997 226.76950954362965
0 9.5 0 4.003959323921836 161.4424531146942
0 9.666666666666666 0 4.80479988879033 219.95092246267768
0 9.833333333333334 0 3.8023249618733943 155.3378943630442
0 10.0 0 3.2521047403940226 104.6617114361889
0 10.166666666666666 0 4.610120682614816 159.24138801140802
0 10.333333333333334 0 3.691889528519872 142.7694165236271
0 10.5 0 4.4365382016159245 52.439755091123644
0 10.666666666666666 0 3.964456377959065 182.37843688505558
0 10.833333333333334 0 3.936345810094612 213.06000413672578
0 11.0 0 3.3723415838698996 153.5218583197325
0 11.166666666666666 0 3.47279071649607 169.1518432353572
0 11.333333333333334 0 4.903883199976676 236.34879175121898
0 11.5 0 4.184524713252107 121.79259855884798
0 11.666666666666666 0 4.854762143190026 189.38648220396388
0 11.833333333333334 0 3.0461149997452397 158.75097954738135
0 12.0 0 3.8419634553092 157.68314759618698
0 12.166666666666666 0 4.74959432105317 75.097573695058
0 12.333333333333334 0 4.948743573515387 94.11398526462878
0 12.5 0 4.384894527445699 96.25162102467272
0 12.666666666666666 0 3.795831102234393 121.85943790925766
0 12.833333333333334 0 4.359898440398966 59.3050806781835
0 13.0 0 3.703228328300038 142.04121640734644
0 13.166666666666666 0 4.776235543604379 150.06666788250533
0 13.333333333333334 0 4.788622364081457 147.7283486242908
0 13.5 0 4.564837531884178 116.12003634836168
0 13.666666666666666 0 4.842553928604466 244.0018771420634
0 13.833333333333334 0 3.085660564314658 180.29180561831086
0 14.0 0 4.127134434570559 93.49356343752041
0 14.166666666666666 0 4.608871345736676 64.27685189173363
0 14.333333333333334 0 3.864240580360267 207.79041284057413
0 14.5 0 3.1201855721313008 198.76962817539706
0 14.666666666666666 0 3.110758007820448 187.3233890957825
0 14.833333333333334 0 4.230936392789085 144.30202711835096
0 15.0 0 4.9625848051342984 75.83540212505744
0 15.166666666666666 0 4.623843385873807 76.08978597780431
0 15.333333333333334 0 4.585747371799604 240.24994947890593
0 15.5 0 3.428340769225148 96.54092604917898
0 15.666666666666666 0 4.442121128160634 212.7386484850652
0 15.833333333333334 0 4.194715966744911 130.68145699731903
0 16.0 0 4.258889427261158 139.01223639273678
0 16.166666666666668 0 4.724199516945409 232.60495485970452
0 16.333333333333332 0 4.785014411301072 65.33626539219652
0 16.5 0 4.912537922462073 85.15430862850229
0 16.666666666666668 0 3.184634819594046 66.4992938133957
0 16.833333333333332 0 3.977472039917279 110.39541761689739
0 17.0 0 4.0364453366385495 167.9379515593148
0 17.166666666666668 0 3.9659337765735825 125.04426492402906
0 17.333333333333332 0 3.3397536632177296 147.4496849184397
0 17.5 0 4.274664862662168 72.86024850529256
0 17.666666666666668 0 3.672051673067668 215.4007848664418
0 17.833333333333332 0 4.068351726593136 245.1203140214226
0 18.0 0 4.699577689947274 67.06360954261035
0 18.166666666666668 0 3.942261742983053 160.63993621207604
0 18.333333333333332 0 4.611487488859998 76.69369434728488
0 18.5 0 4.951755847176893 118.40858835709207
0 18.666666666666668 0 4.729892358938563 60.18384076535021
0 18.833333333333332 0 4.218943933346844 158.75885257798762
0 19.0 0 3.5421632554927447 71.6089313079501
0 19.166666666666668 0 3.7271398643082243 173.0899897516614
0 19.333333333333332 0 3.708540476518384 118.70177227184713
0 19.5 0 4.626663005356277 187.51821326707204
0 19.666666666666668 0 4.217228990817269 83.27676006655808
0 19.833333333333332 0 3.400924829243176 212.42759047238135
0 20.0 0 3.7908004611777972 114.84482119070982
0 20.166666666666668 0 4.579628599592018 97.74699134056829
0 20.333333333333332 0 4.891863073931688 129.13960742892948
0 20.5 0 3.336302402571567 162.88008384672838
0 20.666666666666668 0 4.232601442783468 188.00140205411319
0 20.833333333333332 0 4.270273768579445 180.56696231413704
0 21.0 0 3.561929282165379 63.04194950358479
0 21.166666666666668 0 3.9485879695942145 185.55750212193786
0 21.333333333333332 0 3.685637779942404 192.73976277711574
0 21.5 0 4.37126029006195 151.82816135058056
0 21.666666666666668 0 3.1690643994175547 131.09217348111008
0 21.833333333333332 0 4.423644030772478 236.17547663469102
0 22.0 0 4.978445467696835 55.676932574658686
0 22.166666666666668 0 4.592586841852663 221.3710220643381
0 22.333333333333332 0 3.4362590505658632 153.95264082706845
0 22.5 0 4.748438133154137 208.6642952386063
0 22.666666666666668 0 4.297502885374241 138.85399969725904
0 22.833333333333332 0 3.6328616554872015 107.27139265329257
0 23.0 0 4.497994275099955 158.21425060826982
0 23.166666666666668 0 3.842796635897953 247.58898586015428
0 23.333333333333332 0 3.182418878309898 157.2739763544869
0 23.5 0 3.563803299908569 105.2247360870748
0 23.666666666666668 0 3.9889960923646144 129.51170108937322
0 23.833333333333332 0 4.081417458213851 64.53665877890609
0 24.0 0 4.2492695354821715 248.25855960432293
0 24.166666666666668 0 4.187030959087077 173.22573539937449
0 24.333333333333332 0 3.755670824887144 210.03573788882056
0 24.5 0 4.9952040714165555 143.62743932074585
0 24.666666666666668 0 4.056147506144133 240.27991295715088
0 24.833333333333332 0 3.402207780300603 241.69955865938036
0 25.0 0 4.854283655691011 113.09862408397953
0 25.166666666666668 0 3.4409833618689585 171.3051416035704
0 25.333333333333332 0 3.024985500613786 218.923880290494
0 25.5 0 4.125598701681535 209.24103000183288
0 25.666666666666668 0 3.9999425751228346 177.40908628182348
0 25.833333333333332 0 4.028669581809588 75.56398969213376
0 26.0 0 4.833716641114733 137.64073149127586
0 26.166666666666668 0 4.798106469866178 134.1179598006957
0 26.333333333333332 0 3.13045107226324 133.7129705549101
0 26.5 0 4.094937268160182 109.76762769864195
0 26.666666666666668 0 4.192834246602738 70.93978138625674
0 26.833333333333332 0 3.02184694342858 181.6948967572062
0 27.0 0 4.24909060886157 106.45586672933538
0 27.166666666666668 0 4.012465510220517 66.21666111076277
0 27.333333333333332 0 4.420413732371168 157.68412591869037
0 27.5 0 4.364327646254296 137.93352965533765
0 27.666666666666668 0 4.210397199440446 223.12399899941698
0 27.833333333333332 0 4.123815716189596 154.62099919586262
0 28.0 0 4.729658597423169 132.1416747091941
0 28.166666666666668 0 4.869290890053463 149.12599410485302
0 28.333333333333332 0 4.612993031202046 53.91952065637835
0 28.5 0 4.08900592997259 130.63319754976737
0 28.666666666666668 0 3.6430336125372227 190.4488446582835
0 28.833333333333332 0 4.313284640407165 198.01736119881423
0 29.0 0 4.4635362701903665 154.42658988194233
0 29.166666666666668 0 4.935843863113818 109.59911087199447
0 29.333333333333332 0 3.447047256519748 190.14304753496515
0 29.5 0 3.7470233545172897 76.4735112516629
0 29.666666666666668 0 3.775852058602733 233.9243986667758
0 29.833333333333332 0 4.602081231379149 150.68208930842397
0 30.0 0 3.1017461112400593 230.420298955935
0 30.166666666666668 0 3.3606013839085773 64.85068295578202
0 30.333333333333332 0 4.769306016861995 122.00340216459169
0 30.5 0 4.2584517545431995 146.51693754627297
0 30.666666666666668 0 3.5189837248773115 110.77417855732416
0 30.833333333333332 0 3.211621334165824 178.22293539532447
0 31.0 0 3.830483776883316 156.14105912264972
0 31.166666666666668 0 3.2016556324221477 203.54991917617252
0 31.333333333333332 0 3.623526311248058 215.67237786645583
0 31.5 0 3.8553001686700394 89.62374023952867
0 31.666666666666668 0 3.9022385903039103 62.89326662446819
0 31.833333333333332 0 4.606352751399398 148.22104785795315
0 32.0 0 4.111057839347536 222.9271029284589
0 32.166666666666664 0 4.4156152248991205 90.45803841185476
0 32.333333333333336 0 3.4641697483480582 55.35778637444358
0 32.5 0 4.92522706195588 244.14491055203564
0 32.666666666666664 0 4.317147193897677 83.41557266554973
0 32.833333333333336 0 4.136552527925461 98.24090256123921
0 33.0 0 4.768593871996939 119.5658710921643
0 33.166666666666664 0 4.226184873190556 55.44626882338126
0 33.333333333333336 0 4.111239499098966 169.8068487313893
0 33.5 0 3.9525206872631617 171.81914112191816
0 33.666666666666664 0 4.496072032653031 112.4583807955347
0 33.833333333333336 0 3.2557494303370946 241.40673265373007
0 34.0 0 3.2297347185128302 141.95130191332038
0 34.166666666666664 0 3.116991822924114 244.2320553235743
0 34.333333333333336 0 4.494555164299957 144.10263479339852
0 34.5 0 3.5177141785355808 117.57864399060463
0 34.666666666666664 0 4.962215191137995 126.58888676989864
0 34.833333333333336 0 4.428432881341415 233.3676029818711
0 35.0 0 4.766209877981345 166.8061893289982
0 35.166666666666664 0 3.156117510998911 68.52259112867807
0 35.333333333333336 0 3.6048856487411642 59.032525086174445
0 35.5 0 4.0925890701414485 140.57022364449705
0 35.666666666666664 0 3.3659876313378967 143.7838984536677
0 35.833333333333336 0 3.931601062106018 147.32461515606184
0 36.0 0 3.595287001976436 84.4828637114541
0 36.166666666666664 0 4.760182995940525 197.35658637336405
0 36.333333333333336 0 4.375999527939017 220.03439293779934
0 36.5 0 3.080214447869703 247.04952807099576
0 36.666666666666664 0 4.742347693673553 166.6305807021277
0 36.833333333333336 0 4.779090593397459 170.3954625840183
0 37.0 0 3.6197590583982535 168.08231542697285
0 37.166666666666664 0 4.343728767630972 79.28645893579201
0 37.333333333333336 0 4.465833891928235 101.20257536974975
0 37.5 0 3.2000577724247066 184.90805227813365
0 37.666666666666664 0 4.280356026584384 231.24252562644057
0 37.833333333333336 0 4.960521396898617 244.9429746578263
0 38.0 0 4.459262068054947 182.10826533079143
0 38.166666666666664 0 4.575018856888267 76.64494969886786
0 38.333333333333336 0 3.0866230639465666 137.0625138840777
0 38.5 0 3.906094519296392 132.44397074058196
0 38.666666666666664 0 3.690335634366712 217.84218459721998
0 38.833333333333336 0 4.087080995018715 132.596012669959
0 39.0 0 4.231358079573515 103.59928612882383
0 39.166666666666664 0 3.1722900020423213 228.49159067768863
0 39.333333333333336 0 4.1529687845109615 245.79921756303222
0 39.5 0 4.05123521253222 130.58939764426466
0 39.666666666666664 0 4.685664957975954 111.18700472832364
0 39.833333333333336 0 4.374263137428306 76.54243638818754
0 40.0 0 4.2849594348434605 142.15867931717543
0 40.166666666666664 0 3.3248580353641675 237.93602323250448
0 40.333333333333336 0 3.073474764427547 162.35154242454848
0 40.5 0 3.4742773629862542 168.1583149549195
0 40.666666666666664 0 3.4653743350634842 174.9934773002028
0 40.833333333333336 0 3.66706547060134 179.27566612338063
0 41.0 0 4.770310112580256 102.52832778842293
0 41.166666666666664 0 4.911383153361131 102.38677363345461
0 41.333333333333336 0 3.5057085595166724 198.26061986939277
0 41.5 0 3.5859821251258586 133.7809655768815
0 41.666666666666664 0 4.390355326718351 224.23961998072792
0 41.833333333333336 0 4.926043092269044 198.3276698835764
0 42.0 0 3.548881747034163 234.32934404258214
0 42.166666666666664 0 4.712987831702122 71.87563427925876
0 42.333333333333336 0 3.3258946808380165 127.38749440275696
0 42.5 0 4.368765468194571 196.04200901922948
0 42.666666666666664 0 3.2901340010690054 242.70307583137892
0 42.833333333333336 0 4.243004100083949 91.623010180452
0 43.0 0 4.503181212806308 158.3188543478153
0 43.166666666666664 0 3.7818095495948487 130.95934838300764
0 43.333333333333336 0 3.9338834454694287 122.59148202295953
0 43.5 0 3.479883493030071 164.94133203906944
0 43.666666666666664 0 3.01879888752472 200.3186056957748
0 43.833333333333336 0 4.043024331921672 116.93995146725975
0 44.0 0 4.80060836255112 246.9888819554117
0 44.166666666666664 0 3.0259638126714936 153.8018896869766
0 44.333333333333336 0 3.820580383833714 238.1873529751421
0 44.5 0 4.360883927130281 223.1480102593997
0 44.666666666666664 0 3.9978162217324837 75.91525281385503
0 44.833333333333336 0 3.65484961597359 206.56632892058903
0 45.0 0 4.0971428767521125 169.55978512729098
0 45.166666666666664 0 3.9097811942709946 79.89212966431069
0 45.333333333333336 0 4.06916212306367 246.47608358125478
0 45.5 0 4.406484390149078 94.61940061172027
0 45.666666666666664 0 4.540104700735317 185.62004224209153
0 45.833333333333336 0 3.894643273570677 98.5893550285272
0 46.0 0 4.035779068221482 187.39731564150935
0 46.166666666666664 0 3.9435745805614126 99.45333708753301
0 46.333333333333336 0 4.143045012226499 93.87032249667011
0 46.5 0 3.3339305182920795 241.00899175338114
0 46.666666666666664 0 3.7438827770160525 155.69166242162996
0 46.833333333333336 0 3.708429174503756 110.3601558032578
0 47.0 0 3.7012692626789407 205.60893562991367
0 47.166666666666664 0 4.3500817566211385 122.95244288749929
0 47.333333333333336 0 4.932713298068604 243.11247603513524
0 47.5 0 3.9192763761197726 242.88811359036254
0 47.666666666666664 0 3.676442674829474 60.77409943735608
0 47.833333333333336 0 3.25646861466665 87.52534199804482
0 48.0 0 3.9368761466073643 150.0515173884729
0 48.166666666666664 0 3.94512076292703 138.21857723116588
