resources/data_files/OtherData/weahter_short_interval10s.txt
ncols	5
nrows	1800
[rows 291 to 581 of 1800, columns 0 to 4 of 5]
0 48.333333333333336 0 4.590154488697695 112.80968710917536
0 48.5 0 4.229920596026026 133.15823552329613
0 48.666666666666664 0 3.4371452031397816 174.536778341081
0 48.833333333333336 0 3.098202682726667 153.61955897455243
0 49.0 0 4.610475453212985 146.2092263662883
0 49.166666666666664 0 4.857884677181676 231.5320188902658
0 49.333333333333336 0 3.173790240058565 113.98667512799841
0 49.5 0 4.3831228492264325 104.13215443157608
0 49.666666666666664 0 3.4955707487987135 249.39435374692297
0 49.833333333333336 0 3.3492804436294703 220.5644327540176
0 50.0 0 4.036491205631567 227.37684657225543
0 50.166666666666664 0 4.241694237887469 65.6461269952614
0 50.333333333333336 0 4.55843115954238 215.58397284459133
0 50.5 0 3.6981144813003173 107.61384599412575
0 50.666666666666664 0 4.444901879113286 55.47577049771022
0 50.833333333333336 0 3.832584374432395 199.52094327861448
0 51.0 0 4.8167852614263325 94.31044054924784
0 51.166666666666664 0 3.58891601675183 68.05653794761876
0 51.333333333333336 0 4.433925637375624 146.80549594455482
0 51.5 0 3.884809923809958 208.90842473899914
0 51.666666666666664 0 3.992253999835202 66.23891237338364
0 51.833333333333336 0 4.3330562540923925 74.3938212527935
0 52.0 0 3.357765455057349 186.98374483129123
0 52.166666666666664 0 3.664146359129438 86.93333041370224
0 52.333333333333336 0 3.5228118086226825 63.946193266583265
0 52.5 0 4.625013864050581 141.0451537082485
0 52.666666666666664 0 3.6268108637287515 79.1035599659967
0 52.833333333333336 0 3.0915151399006997 66.88810299007007
0 53.0 0 3.252615301227071 211.3153218578411
0 53.166666666666664 0 4.40764962449525 219.9835581697807
0 53.333333333333336 0 3.391424394402275 172.8068499082253
0 53.5 0 3.5524111045872884 134.598017139117
0 53.666666666666664 0 3.963262747345059 204.20210190883083
0 53.833333333333336 0 3.6355519078599885 232.36956594471943
0 54.0 0 3.586689915961238 89.7079971535529
0 54.166666666666664 0 3.4364320746747734 113.11298170749762
0 54.333333333333336 0 4.41054693027511 205.02986405172066
0 54.5 0 3.225516476713269 171.33995651274262
0 54.666666666666664 0 3.2521851405176947 242.82383990897705
0 54.833333333333336 0 4.945973926604707 179.88227791011204
0 55.0 0 4.030763451050503 73.96871182786302
0 55.166666666666664 0 3.9832219700036053 61.10753734495529
0 55.333333333333336 0 3.5408416470446857 197.66623118408202
0 55.5 0 3.2131526966427293 126.56842104324137
0 55.666666666666664 0 4.980637178781499 209.355476986423
0 55.833333333333336 0 3.7951646753314874 207.52817555551377
0 56.0 0 3.330953517102209 72.65346311443861
0 56.166666666666664 0 3.26401731775789 121.65646809361886
0 56.333333333333336 0 3.674929494472003 120.01065147031935
0 56.5 0 3.8749144615157394 225.29139817326666
0 56.666666666666664 0 3.8553985747520914 226.4967587520328
0 56.833333333333336 0 4.869114330064306 186.01495429298507
0 57.0 0 4.48578874460812 102.10854340028357
0 57.166666666666664 0 3.3527542002073565 176.8907831985079
0 57.333333333333336 0 4.262133607603144 130.21815947232815
0 57.5 0 3.8194679105824787 241.5647705627202
0 57.666666666666664 0 4.767906119650295 243.2569021326699
0 57.833333333333336 0 3.9977659366264637 208.53034349337173
0 58.0 0 4.520026860727217 171.45596999962112
0 58.166666666666664 0 4.667037532446866 243.21216638821744
0 58.333333333333336 0 4.873539895267072 226.44227907333078
0 58.5 0 3.3614255868324903 118.12323444944293
0 58.666666666666664 0 4.584089374102627 188.71405790785508
0 58.833333333333336 0 4.468715451927631 154.20219453793908
0 59.0 0 3.3214703259479883 56.49734399121675
0 59.166666666666664 0 3.1317689298648776 140.53899195145843
0 59.333333333333336 0 3.234169036470857 183.21127241656467
0 59.5 0 3.5729267357245162 175.04880451856133
0 59.666666666666664 0 3.7839475774906566 81.74642202389897
0 59.833333333333336 0 3.987191372518992 85.25553174289529
1 0.0 0 4.501168345117724 105.98717652110463
1 0.16666666666666666 0 3.987894637848348 86.19783710615604
1 0.3333333333333333 0 3.055695420133231 133.4855322134344
1 0.5 0 4.738944150786435 211.5722195303331
1 0.6666666666666666 0 4.094849371935873 67.92042135182683
1 0.8333333333333334 0 4.370633099774996 214.57918793957631
1 1.0 0 3.669033173135438 55.95311676885033
1 1.1666666666666667 0 4.051389281811648 76.54018183762395
1 1.3333333333333333 0 4.747288191878506 170.31590762752845
1 1.5 0 3.1757295259139884 184.20437910494906
1 1.6666666666666667 0 3.3191780712364083 149.44774338378315
1 1.8333333333333333 0 3.5290756174696165 240.76620419966258
1 2.0 0 3.886041186376426 203.71711823213124
1 2.1666666666666665 0 4.0029800700125975 60.96580222709345
1 2.3333333333333335 0 3.7637909759261587 99.24907262356133
1 2.5 0 3.459698775352568 167.24637329574313
1 2.6666666666666665 0 3.5510856119387606 112.59972654677969
1 2.8333333333333335 0 3.68293994378768 151.79383772409713
1 3.0 0 4.360827795674059 212.9982400899325
1 3.1666666666666665 0 3.0020076707995047 98.38576341869648
1 3.3333333333333335 0 4.9695973680500956 173.60285413550497
1 3.5 0 4.139451266528131 168.32818973679142
1 3.6666666666666665 0 3.90875886749888 239.19399455155653
1 3.8333333333333335 0 3.1077193081693686 146.360426697807
1 4.0 0 4.702627803241402 84.95416139279666
1 4.166666666666667 0 3.568210981861412 115.25956539343541
1 4.333333333333333 0 4.953219125959754 89.46081178392231
1 4.5 0 4.966505255346257 81.9778935943858
1 4.666666666666667 0 3.777742836174202 214.74501213089536
1 4.833333333333333 0 4.970441166711912 113.4980751742529
1 5.0 0 3.224151565272381 237.24521354810076
1 5.166666666666667 0 3.263111653392584 157.19247438043953
1 5.333333333333333 0 3.7216862157142074 105.71203131571419
1 5.5 0 4.58072463117363 218.3245053878742
1 5.666666666666667 0 3.3675060308682703 215.59656658628853
1 5.833333333333333 0 4.035675872414222 146.43159345128487
1 6.0 0 3.9071298243048247 184.1812090123512
1 6.166666666666667 0 3.228067881005198 142.68075160747532
1 6.333333333333333 0 4.635556606060579 86.68861043506455
1 6.5 0 3.4243014420360973 241.88940694941218
1 6.666666666666667 0 3.127573310552772 70.83090104153997
1 6.833333333333333 0 4.169254147754639 245.75569073853706
1 7.0 0 4.699899138396004 205.7379487011784
1 7.166666666666667 0 4.098954710278983 87.94394300103039
1 7.333333333333333 0 4.814455582807174 140.92988387834833
1 7.5 0 3.43354881154162 197.02268966893303
1 7.666666666666667 0 4.251192484280691 51.97576899207004
1 7.833333333333333 0 4.655745201962673 89.85406123619508
1 8.0 0 3.8105410605919756 231.70680386365925
1 8.166666666666666 0 3.217820443045231 175.88501178199192
1 8.333333333333334 0 3.5497050313607534 149.32903657675274
1 8.5 0 3.7706519830368563 181.89240085849448
1 8.666666666666666 0 3.1136423365045425 244.50716186846697
1 8.833333333333334 0 3.371138523126355 117.08542806171958
1 9.0 0 4.590729555704749 149.4673986570525
1 9.166666666666666 0 3.399759208958958 90.07065416833109
1 9.333333333333334 0 3.504742726585572 239.3942166948904
1 9.5 0 4.507911856394201 162.03618827258202
1 9.666666666666666 0 3.0489285842163136 199.87206965681005
1 9.833333333333334 0 3.815062701584244 174.61336311797913
1 10.0 0 3.474580287267375 69.8499260021938
1 10.166666666666666 0 4.788629288489029 126.22569321570558
1 10.333333333333334 0 4.665673215016139 169.58295676077984
1 10.5 0 3.7649103303561064 187.33648192514087
1 10.666666666666666 0 3.362756612992877 55.232276749279244
1 10.833333333333334 0 4.907265387384968 242.85804589563682
1 11.0 0 3.2434372830994764 155.28022309514293
1 11.166666666666666 0 3.5481389512326773 129.08700614119368
1 11.333333333333334 0 4.123432484350729 238.64518503670155
1 11.5 0 4.324413965083661 92.8817823663836
1 11.666666666666666 0 3.9113098389094896 140.35659993543234
1 11.833333333333334 0 3.290969770166837 242.39985606655412
1 12.0 0 3.6316725632317706 227.87725922514122
1 12.166666666666666 0 4.285211220834123 81.56400926471173
1 12.333333333333334 0 3.8256884082779172 129.6366557646
1 12.5 0 3.2157251378955145 224.5283223599327
1 12.666666666666666 0 3.944502709869532 67.06565538721843
1 12.833333333333334 0 3.6611117547785854 71.76619068488976
1 13.0 0 4.97021506260024 132.39931419551496
1 13.166666666666666 0 3.190429224000626 196.00428110541407
1 13.333333333333334 0 3.4307408516713087 236.74128469691266
1 13.5 0 4.154579456677125 234.07785759645634
1 13.666666666666666 0 4.219018557458336 216.3597883474865
1 13.833333333333334 0 3.3483548766429756 209.8844489312335
1 14.0 0 4.183665559847774 129.9116152245162
1 14.166666666666666 0 3.9057559076632273 223.96447500862192
1 14.333333333333334 0 4.327324404645041 105.26732948934625
1 14.5 0 4.066579339448891 136.8389137563914
1 14.666666666666666 0 3.6305835468697496 201.8373083698761
1 14.833333333333334 0 3.0401691490493015 246.08571773113727
1 15.0 0 4.013495673867629 242.7748338590451
1 15.166666666666666 0 4.092611146852062 211.2382281502529
1 15.333333333333334 0 3.753359152975304 241.1589905163822
1 15.5 0 3.1965443385471835 215.94040036605395
1 15.666666666666666 0 3.7965668510205957 95.2367844484534
1 15.833333333333334 0 4.108151003480819 173.39523978651414
1 16.0 0 3.8339685397730965 60.03032414253335
1 16.166666666666668 0 3.5737802655097353 78.9943287714861
1 16.333333333333332 0 4.753333594008255 116.0915791139007
1 16.5 0 3.519048626166607 193.11801899237236
1 16.666666666666668 0 3.13914033296179 150.9137132462099
1 16.833333333333332 0 4.536152575006337 197.44730522075332
1 17.0 0 3.8590604000831545 244.48462792382819
1 17.166666666666668 0 4.760518816099895 209.73001168068063
1 17.333333333333332 0 4.458145983554404 107.69483861092365
1 17.5 0 4.315807836251146 164.79553512650534
1 17.666666666666668 0 4.07586912998894 60.78842160581781
1 17.833333333333332 0 3.9066784267848735 173.71377617580941
1 18.0 0 3.9078021707727344 58.77230263487647
1 18.166666666666668 0 4.851609349900388 58.34572268750415
1 18.333333333333332 0 3.852870536984123 171.67578264101795
1 18.5 0 4.87346730160411 125.13445457273681
1 18.666666666666668 0 4.918747159995021 209.77860458407315
1 18.833333333333332 0 3.303398725429453 189.83703627243838
1 19.0 0 3.202101611924938 247.40265136995743
1 19.166666666666668 0 3.004015546999076 93.99933863020611
1 19.333333333333332 0 4.817054467102134 243.58872748043564
1 19.5 0 4.280734406228115 64.32727709204644
1 19.666666666666668 0 4.014330937187223 183.95653968161315
1 19.833333333333332 0 4.325519484920809 57.70967636712419
1 20.0 0 4.915245846913571 175.2725708972091
1 20.166666666666668 0 4.325170741490947 107.49940664194838
1 20.333333333333332 0 4.7787949053089935 112.7269912386788
1 20.5 0 3.2666888442717434 240.7610242287426
1 20.666666666666668 0 3.5267660778900365 109.64748256040109
1 20.833333333333332 0 4.685139125268 171.54479179943723
1 21.0 0 4.370926801418549 230.35423892542772
1 21.166666666666668 0 4.124827967126625 91.84839380980767
1 21.333333333333332 0 3.817982320753116 199.087121538428
1 21.5 0 4.922494578235379 79.77931858628129
1 21.666666666666668 0 4.072141977858812 71.41236717867947
1 21.833333333333332 0 4.071613127517559 123.5324190250667
1 22.0 0 4.911770329483707 149.24295211230958
1 22.166666666666668 0 4.389789516068191 120.14867834649206
1 22.333333333333332 0 3.4857407177413906 96.58315945745026
1 22.5 0 3.986628604460646 249.62283592768415
1 22.666666666666668 0 3.15674989001839 70.33453703359277
1 22.833333333333332 0 3.117337856458101 247.7790712284245
1 23.0 0 4.512992060544533 118.97694894260911
1 23.166666666666668 0 3.907724247759198 105.43545487235525
1 23.333333333333332 0 4.976232584669244 121.66499333733873
1 23.5 0 4.149131581186989 206.72955174401002
1 23.666666666666668 0 4.053460797436093 141.25668103432702
1 23.833333333333332 0 4.387256567313374 86.07896043703857
1 24.0 0 3.2109435274294107 247.0177213028258
1 24.166666666666668 0 3.86667205593276 231.1023194090175
1 24.333333333333332 0 4.593639940860193 226.22143570318275
1 24.5 0 3.543276427197932 87.9277173099783
1 24.666666666666668 0 3.3695803917073164 148.59079208104367
1 24.833333333333332 0 3.3397794610151843 235.66712410284657
1 25.0 0 4.347951636027907 73.505697238867
1 25.166666666666668 0 4.094725032511233 188.43688328326766
1 25.333333333333332 0 4.701271599169279 97.12515971592805
1 25.5 0 4.243441577775358 56.156102562793485
1 25.666666666666668 0 3.116178327112352 225.05057921921338
1 25.833333333333332 0 3.1697019906117796 149.4560269311336
1 26.0 0 3.5039964100881233 225.88295045807718
1 26.166666666666668 0 3.3797658053373167 149.38530654837655
1 26.333333333333332 0 4.521387518317541 72.00327287198857
1 26.5 0 4.175866166169918 79.19756452523873
1 26.666666666666668 0 4.583029633243719 206.13215156009073
1 26.833333333333332 0 4.34409554813727 213.359073687773
1 27.0 0 3.7924120469294866 85.70098178646626
1 27.166666666666668 0 4.522033871610239 238.01621525529754
1 27.333333333333332 0 3.273473144430098 51.79383473309993
1 27.5 0 3.37435480426549 237.5136222413595
1 27.666666666666668 0 4.754948359152753 145.39555601292068
1 27.833333333333332 0 3.480034888854882 223.15574609393497
1 28.0 0 4.940936797504616 50.908279666997025
1 28.166666666666668 0 4.922682139709809 143.25601036359535
1 28.333333333333332 0 4.195335555207117 85.37511681927128
1 28.5 0 4.975890461611906 217.61924262698744
1 28.666666666666668 0 3.374431051144274 71.5761700468351
1 28.833333333333332 0 4.988417744435322 224.9547949046409
1 29.0 0 4.2610777391910215 234.13891047498748
1 29.166666666666668 0 4.599374841903717 238.31916377712938
1 29.333333333333332 0 3.985534685006191 140.03113359059148
1 29.5 0 4.751505157720587 51.53856162538872
1 29.666666666666668 0 4.0621719484481655 168.2816122960282
1 29.833333333333332 0 4.6210229356554615 168.66346293562478
1 30.0 0 4.2278984532424 238.4998953983133
1 30.166666666666668 0 3.5453708371442776 138.85864845625537
1 30.333333333333332 0 4.13730403403113 153.7433684947567
1 30.5 0 3.305647106253344 210.73394551323622
1 30.666666666666668 0 4.151149047443752 120.50626696400666
1 30.833333333333332 0 4.708343411962332 152.97225900538456
1 31.0 0 3.9489755269576245 197.08180153895356
1 31.166666666666668 0 3.3114250103405074 242.21321546054844
1 31.333333333333332 0 4.503254321271235 191.27524163040388
1 31.5 0 4.352675839973027 54.502235792546074
1 31.666666666666668 0 3.071623429719568 79.4222531528238
1 31.833333333333332 0 4.463621271440701 213.21634947629985
1 32.0 0 4.295413359087933 150.89342628855093
1 32.166666666666664 0 3.590232353313504 244.2297604498385
1 32.333333333333336 0 3.236795923037097 195.74247725307558
1 32.5 0 4.6920055362296385 168.18364102316696
1 32.666666666666664 0 4.243533339227752 147.88209053316228
1 32.833333333333336 0 3.253903039756156 220.07619523118373
1 33.0 0 4.899445882614241 72.14809122563707
1 33.166666666666664 0 3.4210291080966435 127.99065270737455
1 33.333333333333336 0 3.0003555672200766 240.83903178324724
1 33.5 0 4.653808406884387 105.63035840369571
1 33.666666666666664 0 4.489405449208103 83.7949516424897
1 33.833333333333336 0 4.2018231647525015 117.43173287706188
1 34.0 0 3.592293776995878 215.80557483185729
1 34.166666666666664 0 4.407356641605713 60.37740762977528
1 34.333333333333336 0 3.012103382855508 146.11479411662248
1 34.5 0 3.875080531008682 73.23338847773837
1 34.666666666666664 0 3.975046702865434 57.01488198271696
1 34.833333333333336 0 3.8822156292596377 231.78572077056253
1 35.0 0 3.162588489272421 202.0003257463272
1 35.166666666666664 0 4.053883849571081 217.75365362848083
1 35.333333333333336 0 4.122047528554846 218.67789968816905
1 35.5 0 4.291262817307327 159.40784242135305
1 35.666666666666664 0 4.61692077476433 177.60603981138252
1 35.833333333333336 0 3.215542433897843 133.52375506012353
1 36.0 0 4.559812648225188 95.46312827700817
1 36.166666666666664 0 4.978574943157011 191.15191392181615
1 36.333333333333336 0 3.6649936325640278 129.4210171682678
1 36.5 0 4.191500601260913 223.7883077564078
1 36.666666666666664 0 3.764252748092835 139.32647661164148
