resources/data_files/OtherData/weahter_short_interval10s.txt
ncols	5
nrows	1800
[rows 1455 to 1745 of 1800, columns 0 to 4 of 5]
4 2.3333333333333335 0 3.607082577666223 118.37138388021967
4 2.5 0 4.041674620544864 109.72492141222563
4 2.6666666666666665 0 3.398862395615408 161.79678612087673
4 2.8333333333333335 0 4.301628310724958 206.31915797161327
4 3.0 0 3.4775980351157156 58.37140548098532
4 3.1666666666666665 0 4.899523140151226 145.17146205746636
4 3.3333333333333335 0 3.8219129779845797 202.4712173187234
4 3.5 0 4.401352797429478 67.09078928462387
4 3.6666666666666665 0 3.356576775244496 207.8512235243471
4 3.8333333333333335 0 4.882764295301742 150.75521470255524
4 4.0 0 3.214436584951658 199.94814991915894
4 4.166666666666667 0 4.670639362135617 231.61802767856474
4 4.333333333333333 0 3.4589449824102134 157.0396486417049
4 4.5 0 3.111586450468785 192.53719762548275
4 4.666666666666667 0 4.234386069456344 232.9566405856379
4 4.833333333333333 0 3.7299534344052447 161.65677494484066
4 5.0 0 4.180041979224368 120.02176346414655
4 5.166666666666667 0 3.4133613650961996 244.6703255144016
4 5.333333333333333 0 4.126183955123171 218.11371267269536
4 5.5 0 4.851650637359676 91.44815105427057
4 5.666666666666667 0 4.583911062249056 64.23358834819743
4 5.833333333333333 0 3.355520981373387 51.11147307147015
4 6.0 0 3.3475018226514304 146.67610482970127
4 6.166666666666667 0 3.3940378578730632 204.98844654715592
4 6.333333333333333 0 4.647083394263035 78.88497179818077
4 6.5 0 4.715568255659464 183.4883502168682
4 6.666666666666667 0 3.7210643734990123 140.2983637656764
4 6.833333333333333 0 4.754599311519523 170.7819397709377
4 7.0 0 4.421917645065979 204.9669566212845
4 7.166666666666667 0 3.1772841909472103 80.27738498104975
4 7.333333333333333 0 4.525540210903227 73.4535504651891
4 7.5 0 3.8814501210168775 144.23293635857658
4 7.666666666666667 0 3.783557782217138 199.49987359648955
4 7.833333333333333 0 3.5421936822419244 102.44890926601855
4 8.0 0 3.4395823096042313 160.17275836483591
4 8.166666666666666 0 3.882080113174371 197.83315960796602
4 8.333333333333334 0 4.924571569566825 156.6783674998557
4 8.5 0 3.2453526153669525 90.73586889566548
4 8.666666666666666 0 3.7530800504013735 152.75977089485355
4 8.833333333333334 0 3.768449861348926 189.30084170493237
4 9.0 0 4.26133192165721 158.56971902602916
4 9.166666666666666 0 3.464518756565219 159.68232780397972
4 9.333333333333334 0 3.759685954820844 50.137034543623415
4 9.5 0 3.8775020807486626 127.82769362396368
4 9.666666666666666 0 4.916204610623991 178.02156463045503
4 9.833333333333334 0 3.61176909692594 113.62800417244986
4 10.0 0 4.744679189740033 63.4792495176425
4 10.166666666666666 0 4.006150299280106 148.59007533701507
4 10.333333333333334 0 3.43960329648368 106.43539124320492
4 10.5 0 3.496625578058233 119.78508899395759
4 10.666666666666666 0 4.482228515311007 236.79078842739227
4 10.833333333333334 0 3.7998077771673655 55.68052777325509
4 11.0 0 4.9359757797694535 229.06196897366294
4 11.166666666666666 0 3.9497527124069993 123.56359530529248
4 11.333333333333334 0 3.6561171483598356 170.0832465617956
4 11.5 0 3.433518761952465 243.6160105118426
4 11.666666666666666 0 3.2577832967664695 120.47504660291631
4 11.833333333333334 0 3.1962883242782056 141.3015079371006
4 12.0 0 3.1179921400983814 142.8092969287905
4 12.166666666666666 0 3.1247550372039736 57.57901410117914
4 12.333333333333334 0 3.4315354897108943 182.87946553251382
4 12.5 0 4.767871148486369 215.55596265188572
4 12.666666666666666 0 4.397200427400913 185.20917001598795
4 12.833333333333334 0 4.5169397174326456 102.54785671405564
4 13.0 0 3.979943334139567 99.91004827887575
4 13.166666666666666 0 3.242426915022726 68.1116872659725
4 13.333333333333334 0 4.376274499208838 95.22598360300636
4 13.5 0 3.472761292244701 61.47237128504173
4 13.666666666666666 0 3.304252968678904 128.5774276128326
4 13.833333333333334 0 4.600775688081401 135.86302154290215
4 14.0 0 3.5461300310310317 248.64614274167073
4 14.166666666666666 0 4.316340125551213 232.65127942849082
4 14.333333333333334 0 4.790822724361141 202.01711133881417
4 14.5 0 4.489123145824506 124.72569033964088
4 14.666666666666666 0 3.7550375499345314 100.12113209321629
4 14.833333333333334 0 4.063310129742154 246.4674389120002
4 15.0 0 3.806005568599616 65.69800990792842
4 15.166666666666666 0 4.176498226496784 66.73460059947163
4 15.333333333333334 0 3.865431660184818 122.72686560438825
4 15.5 0 3.677877626928481 71.63728929590532
4 15.666666666666666 0 4.243399901661128 119.74670844840549
4 15.833333333333334 0 4.496199246125432 115.48399015491053
4 16.0 0 4.23261901276195 183.71688739937142
4 16.166666666666668 0 3.8959206685037717 71.13067506306678
4 16.333333333333332 0 4.78753096547055 90.04367315474363
4 16.5 0 4.560311554165658 165.06600074907402
4 16.666666666666668 0 3.419448534010586 204.1257065886145
4 16.833333333333332 0 3.653190750622988 117.9173514780203
4 17.0 0 3.5580254300566985 100.74772875332948
4 17.166666666666668 0 4.536358966438043 227.66415970103057
4 17.333333333333332 0 3.0610062440395946 199.8784391720774
4 17.5 0 3.6576793474836857 230.69639869334696
4 17.666666666666668 0 4.298341640992073 170.9049686736626
4 17.833333333333332 0 4.2751514009683484 154.95779642996396
4 18.0 0 3.293396436693424 52.0630561292436
4 18.166666666666668 0 4.145212257989703 239.764779306877
4 18.333333333333332 0 3.7731179590249995 207.7984033505179
4 18.5 0 4.0788912988025405 138.4938112084559
4 18.666666666666668 0 3.6606728183096315 204.02150475074126
4 18.833333333333332 0 4.357333904560573 243.18131704164847
4 19.0 0 4.538201839169566 219.69458130186624
4 19.166666666666668 0 4.398601419320438 74.18192815795955
4 19.333333333333332 0 4.91398136218357 132.91589948590303
4 19.5 0 3.7805442369399804 63.382348143511535
4 19.666666666666668 0 3.7474223337716395 120.6434302933585
4 19.833333333333332 0 3.7499364580103194 126.06977684108254
4 20.0 0 3.6169773881698855 93.4260717128501
4 20.166666666666668 0 3.6859504542723407 164.4052561130739
4 20.333333333333332 0 3.1601674300199605 149.98758750686306
4 20.5 0 4.636440673896522 74.55398661781452
4 20.666666666666668 0 3.9715798313358714 81.23469705717217
4 20.833333333333332 0 4.008396481422852 139.87618458024582
4 21.0 0 4.013830679658782 179.2374168500309
4 21.166666666666668 0 3.7693146749369735 84.18355914416338
4 21.333333333333332 0 3.778124896171943 213.956329898924
4 21.5 0 3.104132457513593 131.91816427005463
4 21.666666666666668 0 4.925187532993261 228.96802851797787
4 21.833333333333332 0 3.372753205855954 176.21180301811597
4 22.0 0 3.943981389722026 177.16644895506897
4 22.166666666666668 0 4.426086680912714 191.13588479299358
4 22.333333333333332 0 3.4847654922173628 168.39451235510313
4 22.5 0 4.863917042025561 141.05301995546498
4 22.666666666666668 0 3.4546908093076443 233.18692851370983
4 22.833333333333332 0 4.655802581573656 237.83337850101347
4 23.0 0 4.708269405126302 220.2816539345338
4 23.166666666666668 0 4.696600729553043 75.80025183239123
4 23.333333333333332 0 4.2216939864701635 140.28405261828084
4 23.5 0 4.331103507688165 134.62089035578936
4 23.666666666666668 0 4.009125492702658 143.84433745263428
4 23.833333333333332 0 4.657659468902569 181.9603033093181
4 24.0 0 4.720707437310795 179.93541972281727
4 24.166666666666668 0 4.508546988579197 230.56711313352045
4 24.333333333333332 0 4.856205357132378 218.29497737175973
4 24.5 0 3.405257195132986 108.56230615955945
4 24.666666666666668 0 3.8348114443702346 139.82190727054035
4 24.833333333333332 0 3.4997321697683255 187.0531289681196
4 25.0 0 3.7807939064664975 199.6941218139319
4 25.166666666666668 0 4.53799839212091 175.79605044809
4 25.333333333333332 0 4.81631273710546 150.2010034837377
4 25.5 0 4.220521918230958 145.48421718554187
4 25.666666666666668 0 3.896862308374362 73.76055622757127
4 25.833333333333332 0 4.984006334600634 64.33637401593455
4 26.0 0 3.781443811006752 121.31773989217174
4 26.166666666666668 0 3.192242355000828 147.01586794099245
4 26.333333333333332 0 4.598709387663529 77.2971233456537
4 26.5 0 3.999009833454203 205.50981902422734
4 26.666666666666668 0 3.651961946127533 179.5094678130018
4 26.833333333333332 0 4.733923026770614 164.4501660821113
4 27.0 0 3.6000338466108364 110.88851792196783
4 27.166666666666668 0 3.562501550612164 157.459842543089
4 27.333333333333332 0 4.957709890564297 149.66072274026587
4 27.5 0 4.384638700411941 156.4588653783652
4 27.666666666666668 0 3.978499158157879 115.52729163535109
4 27.833333333333332 0 3.4610301229111187 102.46678546902477
4 28.0 0 3.414201314362701 181.66444518888173
4 28.166666666666668 0 4.095017109648737 204.28933989148732
4 28.333333333333332 0 3.389854747811783 235.82435496078696
4 28.5 0 4.847688192693121 50.57890314726865
4 28.666666666666668 0 4.689292567253416 68.54580046109682
4 28.833333333333332 0 4.226973712312997 241.1097311370776
4 29.0 0 3.115674822566183 242.46016520364125
4 29.166666666666668 0 4.566859731882425 184.7106694333573
4 29.333333333333332 0 3.2730046354553632 53.90484948907029
4 29.5 0 3.900736431411249 134.1494852627854
4 29.666666666666668 0 3.108778090154259 136.53293964998448
4 29.833333333333332 0 3.033288354993311 232.36461137675911
4 30.0 0 4.8645563392116 176.33430279070234
4 30.166666666666668 0 3.7282233904828965 129.79155567982042
4 30.333333333333332 0 3.7003907849312014 108.46003385544643
4 30.5 0 4.954529337252223 199.1329384149061
4 30.666666666666668 0 4.190672234161809 248.46862608367272
4 30.833333333333332 0 3.4718352604730605 121.77251156681201
4 31.0 0 3.1331148578899457 74.08883147612993
4 31.166666666666668 0 4.685848329688969 249.13520686917715
4 31.333333333333332 0 4.669227524815367 218.32076684770627
4 31.5 0 3.66772521369995 52.64679937055823
4 31.666666666666668 0 4.583764983903945 60.67334973902345
4 31.833333333333332 0 4.506628399595447 167.54824935850922
4 32.0 0 4.832292186630231 110.56269736433686
4 32.166666666666664 0 4.752609249528774 208.67145583721174
4 32.333333333333336 0 4.840135781764818 165.37279221649874
4 32.5 0 4.607348641526406 90.38467399717807
4 32.666666666666664 0 4.922637096699947 195.40606587593038
4 32.833333333333336 0 3.7331785015242422 218.26740495950378
4 33.0 0 3.2957621997540554 58.92837370173778
4 33.166666666666664 0 4.076196389572048 236.67611679882557
4 33.333333333333336 0 3.577764473862147 82.7392035473018
4 33.5 0 4.937177140059857 214.21375509272661
4 33.666666666666664 0 4.426736026938558 57.17456987352196
4 33.833333333333336 0 4.674375992954891 228.21755364339162
4 34.0 0 3.0155255325389634 89.1767177769257
4 34.166666666666664 0 3.8852074652548865 69.73117647101097
4 34.333333333333336 0 3.4146398289003033 233.0411090966467
4 34.5 0 3.6891761707795876 232.0288716203043
4 34.666666666666664 0 3.635387218989054 75.67795381374685
4 34.833333333333336 0 3.822325074060312 68.61074706441323
4 35.0 0 3.079662266467696 91.70194398301288
4 35.166666666666664 0 4.653858535459056 210.69000759470285
4 35.333333333333336 0 3.4494109193805027 203.3905149934545
4 35.5 0 4.948486724544766 219.54441406357395
4 35.666666666666664 0 4.787956200467033 181.52743512304045
4 35.833333333333336 0 3.223430328825742 215.7058433792346
4 36.0 0 4.257005768323521 105.37517272405879
4 36.166666666666664 0 4.886913170254159 74.81341273886268
4 36.333333333333336 0 4.497302304265274 63.495998023499745
4 36.5 0 3.9953629918759015 109.05714896692236
4 36.666666666666664 0 4.9775187171153 221.86834312358846
4 36.833333333333336 0 3.4294293343762376 163.49078847065488
4 37.0 0 3.6051413603607143 111.72151271663145
4 37.166666666666664 0 4.56431977606849 148.09380642101135
4 37.333333333333336 0 3.054724035039441 96.7384420682379
4 37.5 0 3.097844916147682 199.3143860493974
4 37.666666666666664 0 4.763036815403341 67.75265617956796
4 37.833333333333336 0 3.5999545982718413 118.92658054531817
4 38.0 0 3.3472746860943507 82.79229406366741
4 38.166666666666664 0 3.560437128682697 73.38645949268887
4 38.333333333333336 0 3.321630486779411 121.30047938066828
4 38.5 0 4.2368447065297765 153.47365551994554
4 38.666666666666664 0 4.419178358801187 153.58794395068713
4 38.833333333333336 0 4.442598764968838 91.85620836350324
4 39.0 0 3.5701542319384094 140.05046210746931
4 39.166666666666664 0 4.565619492850791 215.31822597762732
4 39.333333333333336 0 4.644359980518119 169.41000960512565
4 39.5 0 3.570713812749694 168.74146387223982
4 39.666666666666664 0 3.4345594752191326 121.21530331787267
4 39.833333333333336 0 3.5143483331163363 89.53335723521916
4 40.0 0 3.0393741346614034 195.0639231529979
4 40.166666666666664 0 4.188322608046074 134.04581137521913
4 40.333333333333336 0 3.7983276268704564 187.4846280152052
4 40.5 0 4.909249536992114 161.63039272478642
4 40.666666666666664 0 4.23832889933569 117.14525995553385
4 40.833333333333336 0 3.1836404318665608 167.32733529940444
4 41.0 0 3.1100234827386446 100.0279920684109
4 41.166666666666664 0 3.0037830346186407 120.78713973008198
4 41.333333333333336 0 3.5240845108728607 58.44040006717075
4 41.5 0 4.86749024345805 216.87530141817467
4 41.666666666666664 0 4.4416543263923725 111.20729296232224
4 41.833333333333336 0 3.2651896727265672 172.51208614089128
4 42.0 0 4.329788862520166 137.11481529838562
4 42.166666666666664 0 3.3407134695482883 114.65098783990292
4 42.333333333333336 0 4.661897492709562 229.65496342892004
4 42.5 0 4.707538837982162 195.9009225444057
4 42.666666666666664 0 3.1248120347828845 168.3451595312455
4 42.833333333333336 0 4.990120690320453 147.14893046033387
4 43.0 0 3.888257937505478 220.3740782962721
4 43.166666666666664 0 4.560347801749084 130.64156723180392
4 43.333333333333336 0 3.0991433130749066 156.05152247477758
4 43.5 0 3.1520450239846944 92.33483149341764
4 43.666666666666664 0 3.8822198090225655 112.51672915431755
4 43.833333333333336 0 4.561834578577672 128.9240116525703
4 44.0 0 4.560312278234882 72.38595745281143
4 44.166666666666664 0 3.4825600953901588 182.8163655391546
4 44.333333333333336 0 4.551452865506892 237.49685528871606
4 44.5 0 4.665867200869545 57.411170483685446
4 44.666666666666664 0 4.45689681461369 72.63366278290468
4 44.833333333333336 0 3.073426150501648 105.40316607577971
4 45.0 0 4.2231377495928415 70.09378862438123
4 45.166666666666664 0 4.4516716341624285 184.42704639563655
4 45.333333333333336 0 3.9426806494710194 143.18298545353338
4 45.5 0 4.852825740248425 197.2121895819378
4 45.666666666666664 0 3.852471395854591 195.20278904676775
4 45.833333333333336 0 3.0253612503841376 137.51838325157019
4 46.0 0 3.395522687241522 230.22053278084263
4 46.166666666666664 0 3.3099521928426183 248.47478935001016
4 46.333333333333336 0 3.8304159712984216 172.88879058962922
4 46.5 0 4.702349860003243 66.54616997559941
4 46.666666666666664 0 4.80500097592574 146.80761886666747
4 46.833333333333336 0 4.082512968626985 172.2016470224121
4 47.0 0 4.55475329570664 124.39961846603886
4 47.166666666666664 0 4.25971099690792 197.46312859345258
4 47.333333333333336 0 3.942893226439572 205.99431216761022
4 47.5 0 4.446210684415823 50.861892421905644
4 47.666666666666664 0 4.428507351845614 111.79494064475719
4 47.833333333333336 0 4.0475462765043675 211.93349652741142
4 48.0 0 3.230557094706501 177.62735421025116
4 48.166666666666664 0 4.245264244115486 120.23264762459827
4 48.333333333333336 0 3.4497977414195367 233.84718563653283
4 48.5 0 3.748424790709402 137.9513603283637
4 48.666666666666664 0 4.71727231123913 216.5081367861252
4 48.833333333333336 0 3.3030320430244178 100.5751723647111
4 49.0 0 3.0571860560324966 210.87067082091087
4 49.166666666666664 0 4.07395625602049 86.61376599029961
4 49.333333333333336 0 3.0836068398141157 59.55705385514063
4 49.5 0 3.851801008802542 135.294012122677
4 49.666666666666664 0 3.394578004139303 81.13522215196707
4 49.833333333333336 0 4.187560787308654 220.20486153996046
4 50.0 0 3.0838706848066595 239.6404527439755
4 50.166666666666664 0 3.0208023885274398 247.23521124671115
4 50.333333333333336 0 3.6597436655789837 81.52051616249696
4 50.5 0 3.1424970151397127 186.74731939871089
4 50.666666666666664 0 4.341718291992262 113.71640997104492
