resources/data_files/OtherData/weahter_short_interval.txt
ncols	5
nrows	600
[rows 0 to 348 of 600, columns 0 to 4 of 5]
Hour Min Temp wspd Dir
0 0.0 0 3.153544944453321 195.80111567820109
0 0.5 0 3.9208827099110426 184.60365851636806
0 1.0 0 3.8582882650434738 183.07348370604143
0 1.5 0 4.217477549039779 203.69220155188322
0 2.0 0 4.265397308380323 84.24824331363769
0 2.5 0 3.1689459692667183 57.73994762934112
0 3.0 0 4.299300156463252 115.90064484795887
0 3.5 0 4.7493000067794275 121.75497665645192
0 4.0 0 4.721430227422159 204.55843912962652
0 4.5 0 3.6157537685558476 160.926947324659
0 5.0 0 3.2692948856379327 86.00059024252647
0 5.5 0 4.794652983470604 68.30102347562239
0 6.0 0 3.041136120496481 54.85525807748988
0 6.5 0 3.8427632548966812 85.61541489172313
0 7.0 0 3.1916743328175756 217.7746503169056
0 7.5 0 3.331634583005297 123.959067628406
0 8.0 0 3.834503595467514 219.28458041500167
0 8.5 0 4.114087755117395 119.85130181138813
0 9.0 0 4.939285494948672 181.4770543114635
0 9.5 0 3.505695454956487 237.54049385541848
0 10.0 0 4.966967055522431 227.03427952224814
0 10.5 0 3.250460873563859 159.76428598732704
0 11.0 0 3.003825313188036 239.64304889128056
0 11.5 0 3.9387225104409778 96.90898671179329
0 12.0 0 4.235220390085127 56.67858868934188
0 12.5 0 3.406643451981787 88.45132596446456
0 13.0 0 4.742516307891318 86.10733256297635
0 13.5 0 4.570471758263893 70.76081501663778
0 14.0 0 3.8117072219784536 192.8784357469134
0 14.5 0 3.1350848741197463 241.78648607509808
0 15.0 0 4.209864885564924 209.64407066995906
0 15.5 0 3.6651617924200925 65.84699000067147
0 16.0 0 3.215600815845349 192.46895853094924
0 16.5 0 3.6186521423010882 230.68827921815333
0 17.0 0 3.582315650034448 164.259765424957
0 17.5 0 3.1160413768270123 194.16861724571228
0 18.0 0 4.068085389383036 166.965507305803
0 18.5 0 3.4552387599542573 239.37575684068594
0 19.0 0 3.6836131203824047 178.17017273724713
0 19.5 0 3.680742643463031 194.67657251987043
0 20.0 0 4.389751887697235 238.51933074567165
0 20.5 0 3.877065908576356 169.14467478346097
0 21.0 0 3.6186843518211504 183.49258350680654
0 21.5 0 4.280233275280057 204.0068975980376
0 22.0 0 4.697920424266572 76.35423818731846
0 22.5 0 4.78748850446241 247.19486174171038
0 23.0 0 4.023854651815309 198.68467753407947
0 23.5 0 3.99417992022135 120.78302680002149
0 24.0 0 4.6617019570857945 70.71545412584365
0 24.5 0 4.4981188173903 170.04015923603538
0 25.0 0 4.941208293195364 245.76119470189604
0 25.5 0 3.8855348517075736 58.01620308301083
0 26.0 0 3.572611835611661 151.3619382947756
0 26.5 0 4.549079685250832 101.03210305792108
0 27.0 0 3.8249077427800557 234.3197016136923
0 27.5 0 4.287158971288314 228.13525253524912
0 28.0 0 4.3885475337603665 107.63340667379259
0 28.5 0 3.4952003793419557 91.52863908890856
0 29.0 0 3.6872832029411358 94.40669685445198
0 29.5 0 3.6832936605603654 55.17705077562813
0 30.0 0 3.608943070469932 117.1233193147677
0 30.5 0 4.040967228822403 145.23907773056203
0 31.0 0 3.89250525447121 90.25528090445582
0 31.5 0 3.8186932518466667 158.66881583340924
0 32.0 0 3.738912895012411 239.98905989863357
0 32.5 0 4.407041626910075 195.27663199834095
0 33.0 0 4.605652711112603 96.9256711251613
0 33.5 0 4.1682316827196395 103.73361912731184
0 34.0 0 3.60019724683101 85.93058036434036
0 34.5 0 3.3111579296518157 113.44964367873425
0 35.0 0 4.40498887643934 71.87978933741437
0 35.5 0 3.3997948505430724 61.95023570713181
0 36.0 0 4.246722020406743 110.86876979507517
0 36.5 0 4.446213705937113 121.32289773706337
0 37.0 0 3.0652580601304313 203.5211949607366
0 37.5 0 3.9632718893896017 177.49867322306523
0 38.0 0 4.742585338644784 50.3547419268604
0 38.5 0 4.838364983692828 222.58017556891082
0 39.0 0 4.019815231402171 68.73157782284353
0 39.5 0 4.438457407048557 83.12257082135801
0 40.0 0 4.560283135128258 246.74136751992611
0 40.5 0 3.967938727414066 126.21931466224609
0 41.0 0 3.5094010093643373 181.43511192034345
0 41.5 0 4.774677442545238 60.43975825762471
0 42.0 0 3.8569869173051075 77.14824148762492
0 42.5 0 3.0359753856833924 180.11107278470186
0 43.0 0 3.9253748233645345 164.22187678919283
0 43.5 0 4.054951465008454 189.13220665959196
0 44.0 0 3.3866855192174468 139.25136184945194
0 44.5 0 4.259213490513767 84.45297932645322
0 45.0 0 3.355218636800652 225.06158369086404
0 45.5 0 4.917503248813194 79.5466180172429
0 46.0 0 4.306003434693769 101.92877149770072
0 46.5 0 4.576329698510352 204.64947936373358
0 47.0 0 3.8381233671110992 71.13894887336795
0 47.5 0 3.267432424294614 233.2369131443242
0 48.0 0 4.631509044630689 177.79339365071644
0 48.5 0 4.648245465925042 153.14958436587858
0 49.0 0 3.3384711851843476 241.8418304136822
0 49.5 0 4.411360239314799 125.97987562000456
0 50.0 0 3.606323794464987 224.6443551956455
0 50.5 0 4.535314358546467 159.77329785802834
0 51.0 0 4.945025603380015 92.93349027223694
0 51.5 0 3.2478609584494373 157.79515930058244
0 52.0 0 3.7338463060148896 132.86796471865003
0 52.5 0 3.934201263005129 200.05804635365723
0 53.0 0 3.3036420436646914 113.94017704216266
0 53.5 0 4.64649206254685 64.50098098502473
0 54.0 0 4.736402733111088 205.81969754001403
0 54.5 0 3.357266502058618 101.15642112196369
0 55.0 0 4.791311674223282 110.78527926524401
0 55.5 0 4.648235822815919 235.3366626108672
0 56.0 0 4.196636853458126 90.2183769038523
0 56.5 0 3.1372676552561765 94.81637020720703
0 57.0 0 4.439350356682845 235.70132973390227
0 57.5 0 3.6201640859920117 231.18337287646403
0 58.0 0 4.139451429664057 63.583773999746306
0 58.5 0 3.6401910295651136 136.97523418187404
0 59.0 0 3.113545984048037 96.45107637847948
0 59.5 0 4.997139455685055 247.91420137367922
1 0.0 0 3.31231428717553 135.74897540844302
1 0.5 0 4.569025357840912 163.49874865948482
1 1.0 0 4.959076096188636 226.88888972833476
1 1.5 0 3.743365198197169 119.40493151828413
1 2.0 0 3.421740805968975 71.47865571232141
1 2.5 0 3.741290727705983 101.59635191462515
1 3.0 0 3.618008531437588 50.89376873962499
1 3.5 0 3.1665957913153298 104.73666771389622
1 4.0 0 4.083765781996728 91.22458747148632
1 4.5 0 4.2231347077712975 106.4439698098461
1 5.0 0 4.227197761099284 121.70514196259079
1 5.5 0 3.2178218599767607 154.12163982335562
1 6.0 0 3.746217204604953 57.04960528234804
1 6.5 0 3.202808301236825 142.54562084736662
1 7.0 0 4.704388786258011 68.69278693598058
1 7.5 0 3.9092405381440276 198.08336869558022
1 8.0 0 4.3406039969513674 200.75125330153497
1 8.5 0 4.4863344239619 79.36499715394248
1 9.0 0 4.330342271866388 133.5920662715501
1 9.5 0 3.98332489647941 54.422523272377376
1 10.0 0 3.9214306679709847 101.21642086884967
1 10.5 0 4.998181194314737 120.75835676625705
1 11.0 0 4.134791948137542 228.23574222150918
1 11.5 0 3.4658043245217014 197.49960086918867
1 12.0 0 4.050751414656196 68.0381672999082
1 12.5 0 4.169752597781789 237.73987557461624
1 13.0 0 4.09404790951738 95.81362332614938
1 13.5 0 3.2353685681818622 84.36583715016735
1 14.0 0 3.1857755354146415 138.4260091897352
1 14.5 0 3.598509007361222 124.11084048590307
1 15.0 0 4.648057899243124 207.6913213258018
1 15.5 0 3.242907922208284 182.27343417819745
1 16.0 0 3.827337542637377 144.44091153109008
1 16.5 0 4.860530227029361 244.48380981183223
1 17.0 0 4.544739032572739 77.81928401750757
1 17.5 0 3.5131021443276444 92.09649070851331
1 18.0 0 3.6870437607349817 157.58623661728643
1 18.5 0 3.8593331369730386 194.23306134869952
1 19.0 0 3.5193924788251136 126.76345823647253
1 19.5 0 4.561170307590039 212.19378718152075
1 20.0 0 3.6309083358381153 67.78590842455812
1 20.5 0 4.593757159219615 240.90256889360722
1 21.0 0 4.817013838437661 77.38877993512673
1 21.5 0 4.357594321537153 237.24473954802116
1 22.0 0 3.6572907563445627 103.78101217106313
1 22.5 0 3.727729130619334 166.6027159046517
1 23.0 0 3.0653113924545066 114.2267129195262
1 23.5 0 3.473628890065111 236.58972653650412
1 24.0 0 4.666948034026676 151.9761329411778
1 24.5 0 3.844720846515247 180.92708688783438
1 25.0 0 3.5062446477275477 88.55816285601952
1 25.5 0 4.540409608420659 106.6060881044325
1 26.0 0 4.283013302154566 180.76662177973523
1 26.5 0 3.769711473002967 123.92045432109865
1 27.0 0 3.093896472830628 101.24293297362048
1 27.5 0 4.654472637754564 241.65101309423088
1 28.0 0 3.478713756831514 127.3780827140464
1 28.5 0 4.841467152342348 228.62934193138946
1 29.0 0 4.466490130382033 245.32705552558994
1 29.5 0 3.862497674572036 118.10251995858492
1 30.0 0 3.2706405473631572 54.24932126242253
1 30.5 0 4.51795081898721 162.76635217059584
1 31.0 0 4.300364664688318 140.45915798508736
1 31.5 0 3.3580872809750533 136.02992887981404
1 32.0 0 3.235382483874477 231.98998381204453
1 32.5 0 3.197674029254559 119.01946734291886
1 33.0 0 4.053720710363907 141.147190587815
1 33.5 0 3.523394874181658 113.0248786461965
1 34.0 0 4.107337106769279 55.944174618496724
1 34.5 0 4.639803866802909 173.53768359287955
1 35.0 0 3.6079492122639722 150.88675019243664
1 35.5 0 4.44841341303699 74.72432088267962
1 36.0 0 3.2155104051009324 153.39126043830203
1 36.5 0 4.865837397493425 182.12411717105152
1 37.0 0 4.814355941948916 224.19217955019874
1 37.5 0 4.060738495611442 236.55658821222232
1 38.0 0 4.017118802954845 88.41514209619476
1 38.5 0 4.925655588414044 133.66790493382945
1 39.0 0 4.454093630465717 188.5618155353345
1 39.5 0 3.49861669860665 121.24191083067375
1 40.0 0 3.485805013835834 121.47323429090686
1 40.5 0 3.4107699245995486 130.34610554954412
1 41.0 0 4.619114855984191 168.408531155008
1 41.5 0 3.860093394205323 206.57855704758953
1 42.0 0 3.612280950027197 130.6964046289976
1 42.5 0 3.0975739511521354 214.12689207479656
1 43.0 0 3.0219579680094126 142.98685399329622
1 43.5 0 4.9610710091961066 148.04585455671608
1 44.0 0 3.775209599839024 51.951105739921545
1 44.5 0 4.603411826906005 109.10524684366976
1 45.0 0 4.242178337342195 120.3479444887642
1 45.5 0 3.2350912616548926 70.75537974725314
1 46.0 0 3.240138955404423 244.69497679383926
1 46.5 0 4.438277324334614 199.20243890287819
1 47.0 0 3.417237735049493 159.35364070420974
1 47.5 0 4.4076535470078175 75.28153456672246
1 48.0 0 3.5443000380516576 240.65715572594607
1 48.5 0 3.3349545720825464 110.76049940586223
1 49.0 0 4.385664293529384 121.78082467592677
1 49.5 0 3.0778819805772595 151.90275801341735
1 50.0 0 3.0250816121725506 182.3745233545268
1 50.5 0 3.240414257942726 119.5630035110933
1 51.0 0 4.790295212182606 86.54739299698531
1 51.5 0 3.84035313432561 147.78464094309277
1 52.0 0 4.24999445417901 108.6152026528983
1 52.5 0 3.851276782376008 51.813325023765145
1 53.0 0 3.1494152717228747 208.09105244920679
1 53.5 0 3.0798981222875526 81.63618381729052
1 54.0 0 3.605936888299529 93.720458366526
1 54.5 0 4.076155618457866 198.6017006383436
1 55.0 0 3.4036032153298423 50.93217118426831
1 55.5 0 3.0721902528417475 150.37045266691354
1 56.0 0 4.805575185964405 97.89633960698546
1 56.5 0 4.307692800482926 213.3923013135885
1 57.0 0 4.946098568938616 82.45201504709148
1 57.5 0 4.522931470178992 222.30087438856063
1 58.0 0 4.568650048793224 235.48627468904834
1 58.5 0 3.887099513989959 212.06155376020448
1 59.0 0 4.644501599619612 55.917514605330474
1 59.5 0 4.17845015912342 61.40441919665464
2 0.0 0 3.236023055055406 218.25586398501622
2 0.5 0 4.644013873350874 145.01900941051477
2 1.0 0 3.8616187608252477 65.78389098799889
2 1.5 0 4.640522120053489 177.18294860177838
2 2.0 0 3.574274334320844 180.72113817711005
2 2.5 0 3.8944886063665844 160.9419695776433
2 3.0 0 3.983266040335194 107.30635613250752
2 3.5 0 4.018228226852482 244.65394544581295
2 4.0 0 3.5286646498168617 144.55151725122622
2 4.5 0 4.779921432367872 131.65512990092915
2 5.0 0 4.460842932205712 222.492154448392
2 5.5 0 3.5496602319085726 89.00187009162212
2 6.0 0 3.182274390004893 229.07873016228586
2 6.5 0 4.329739765479331 157.68649897865794
2 7.0 0 3.8764892846420285 164.42416894758296
2 7.5 0 3.826287947972096 79.42145317519247
2 8.0 0 4.6791315313060275 164.94293796506963
2 8.5 0 4.1306533491084 124.03083193309247
2 9.0 0 3.038638028221331 161.98737524077455
2 9.5 0 4.752800120256277 226.68410494298035
2 10.0 0 4.369141714238751 117.90731885064804
2 10.5 0 4.985286408614094 225.65183231877143
2 11.0 0 3.6157752168214756 217.02936495962842
2 11.5 0 4.875231220211265 128.9587024085434
2 12.0 0 4.932632271380604 79.87236831311219
2 12.5 0 3.4430023470721185 232.25438249056728
2 13.0 0 4.316221294653825 215.9862205142527
2 13.5 0 4.210186995898349 160.41807889247053
2 14.0 0 3.7423231855043277 134.12111775241937
2 14.5 0 4.585733360852556 111.858030510499
2 15.0 0 3.1217449174471694 188.00494635441555
2 15.5 0 3.20798129351628 147.16233561865783
2 16.0 0 4.220537069619944 151.82662755606992
2 16.5 0 3.951627150560611 82.70301010106758
2 17.0 0 4.5828225110242595 91.59374609451382
2 17.5 0 4.9824961058380595 224.99035208500774
2 18.0 0 3.44946143039541 126.85285812764997
2 18.5 0 3.979323983225094 213.0200291746904
2 19.0 0 3.683355774486414 161.8313998445878
2 19.5 0 4.44057824127863 223.55067597635997
2 20.0 0 3.79227454672808 205.8803210985562
2 20.5 0 4.855675789546845 138.19504533247425
2 21.0 0 4.28265949168386 100.16692530915847
2 21.5 0 4.443784286229765 171.40303969762942
2 22.0 0 4.782948478259338 120.88763356244696
2 22.5 0 4.149720209365047 114.8603756206119
2 23.0 0 4.642532707553461 238.84086491302955
2 23.5 0 3.635286822248922 166.52180499436503
2 24.0 0 4.042541265761545 181.02030753327801
2 24.5 0 4.11572199931052 81.44326208009383
2 25.0 0 3.04722523067014 61.95939592687518
2 25.5 0 3.06475427109293 106.77250674278247
2 26.0 0 4.479791018625799 230.877982403086
2 26.5 0 4.0480944624842365 244.70323590767194
2 27.0 0 3.0241120268553217 115.25250899420809
2 27.5 0 3.2440168672472707 224.89284953054943
2 28.0 0 3.533823847071517 232.25138938701105
2 28.5 0 3.571013299228966 161.78951054224402
2 29.0 0 4.17288834435723 186.54752504823912
2 29.5 0 3.7663312352499716 222.50929085747285
2 30.0 0 4.716789004858591 176.3402333799788
2 30.5 0 3.24553483847771 137.34962281495712
2 31.0 0 3.1110977629173235 88.98920049057105
2 31.5 0 4.122056205571305 247.7205571267864
2 32.0 0 4.214233125617335 83.48331548520486
2 32.5 0 3.377032464357163 205.22059867079858
2 33.0 0 3.5438055751040265 229.03765634756692
2 33.5 0 4.843552063226247 210.77928735094878
2 34.0 0 3.801026128815407 97.43209206975467
2 34.5 0 4.405762109745087 214.23389985287625
2 35.0 0 4.965230571396559 191.27539468738092
2 35.5 0 4.612116146002969 182.4030836874251
2 36.0 0 3.8306514682384845 131.19895933465062
2 36.5 0 4.763370795372603 187.6653878240207
2 37.0 0 4.000146817836157 222.05464248384038
2 37.5 0 3.4597669417808197 69.24618309987218
2 38.0 0 4.555673194695753 171.51147266580492
2 38.5 0 4.578159607710944 175.86153002447315
2 39.0 0 4.892869019268117 144.01629068051517
2 39.5 0 4.698689288896683 211.06306055263823
2 40.0 0 4.537192103495615 198.90379720385025
2 40.5 0 4.111914274669783 71.57317265714252
2 41.0 0 4.151632803672222 83.51163436849257
2 41.5 0 4.711153439980794 194.09513482063002
2 42.0 0 3.401103751327079 130.4765884683345
2 42.5 0 4.311115551910571 107.52804996489894
2 43.0 0 4.856183475901515 242.9582310050255
2 43.5 0 4.232719982273267 225.21190371373572
2 44.0 0 4.6989709260166155 242.35661884586054
2 44.5 0 3.3553419976567005 205.77331097802002
2 45.0 0 4.636385097867588 200.16107811622433
2 45.5 0 3.261543419545918 61.33770512983059
2 46.0 0 3.1313223852204652 178.88729960380542
2 46.5 0 3.585677691530636 198.31933651426903
2 47.0 0 3.8296624451145735 66.63035141503735
2 47.5 0 4.226587168599862 138.6953696407923
2 48.0 0 4.891191326690691 105.58148725489045
2 48.5 0 3.695937251782407 188.61606631496048
2 49.0 0 4.825088814407101 86.92701355616722
2 49.5 0 4.547561866492613 196.3980370214756
2 50.0 0 4.385705361471482 212.86768072086838
2 50.5 0 3.5695208107477425 173.39308674775071
2 51.0 0 4.101931442512839 111.06747932487275
2 51.5 0 4.21939993518027 138.92034431154437
2 52.0 0 3.0935408715187136 227.66096086769633
2 52.5 0 3.6447111687897875 94.39475409380533
2 53.0 0 4.970467674717685 222.0186012877021
2 53.5 0 4.554078851071504 131.98028613231693
