resources/data_files/OtherData/weahter_short_interval10s.txt
ncols	5
nrows	1800
[rows 873 to 1163 of 1800, columns 0 to 4 of 5]
2 25.333333333333332 0 3.855368054173618 214.51618747531793
2 25.5 0 3.476649909831992 145.91253438683708
2 25.666666666666668 0 3.138669363727242 131.3398287593795
2 25.833333333333332 0 4.792448173482084 208.76773902116994
2 26.0 0 3.0720345936221185 140.95085322820356
2 26.166666666666668 0 3.6329007878571367 226.1040135012765
2 26.333333333333332 0 4.771134770646304 183.94312325301516
2 26.5 0 4.469717858418338 203.96531453415423
2 26.666666666666668 0 3.0603946156753925 92.7240010306771
2 26.833333333333332 0 3.0381281377128615 228.8676083342769
2 27.0 0 3.7140368165139686 117.33163419631569
2 27.166666666666668 0 4.24241813479776 81.40423304715404
2 27.333333333333332 0 4.914619167222683 213.15200559807576
2 27.5 0 4.690004857878499 154.24678685575995
2 27.666666666666668 0 4.851245606326165 151.55254708195318
2 27.833333333333332 0 3.9529817915386305 241.51535050585244
2 28.0 0 3.311270629004436 96.67583107061401
2 28.166666666666668 0 4.993964845533371 214.3435274806512
2 28.333333333333332 0 4.363459477258852 55.113161692560396
2 28.5 0 4.84345924160015 126.56527263335573
2 28.666666666666668 0 3.7872058506833555 149.90476674311807
2 28.833333333333332 0 3.5788558594305906 104.80211155332861
2 29.0 0 4.771549516443998 196.28953286221008
2 29.166666666666668 0 4.930558482989143 68.83082729499965
2 29.333333333333332 0 4.589377862153262 163.85402704910652
2 29.5 0 3.428632405231453 100.96336000506041
2 29.666666666666668 0 3.4463344936374294 198.2070586351117
2 29.833333333333332 0 4.903756519481393 137.2720963096445
2 30.0 0 4.51059991476235 145.03241505377864
2 30.166666666666668 0 3.369151147142113 188.84548233281905
2 30.333333333333332 0 3.2488494297386494 170.34932571720876
2 30.5 0 3.835544480403702 117.86018714930427
2 30.666666666666668 0 4.625333825438681 103.0363597241225
2 30.833333333333332 0 3.4491314167494806 91.10788262661858
2 31.0 0 4.465169539457164 139.15139769166356
2 31.166666666666668 0 4.492869014098895 212.71608068608955
2 31.333333333333332 0 4.339565200202786 142.30656348360694
2 31.5 0 4.254343129182951 98.15408632341462
2 31.666666666666668 0 3.6998522475447646 150.3338484433324
2 31.833333333333332 0 4.53883247754192 93.21674585912197
2 32.0 0 4.668828091200494 55.70345856096062
2 32.166666666666664 0 3.694084930818635 64.53010112227537
2 32.333333333333336 0 3.8920601940800594 165.6337366940306
2 32.5 0 4.413714511630443 192.22478738494257
2 32.666666666666664 0 4.158441648839699 67.55779655735347
2 32.833333333333336 0 3.2990146651352816 180.7744249126948
2 33.0 0 4.118427108660819 126.58884942566414
2 33.166666666666664 0 3.1843773011006555 170.59789337999416
2 33.333333333333336 0 3.36002112944909 223.85255931067084
2 33.5 0 4.569395115049017 180.87597689785377
2 33.666666666666664 0 4.34672942428695 208.0313788005893
2 33.833333333333336 0 4.151117123492858 143.13429686463542
2 34.0 0 4.278325685932094 177.19248716898906
2 34.166666666666664 0 4.412817033830289 95.4961811559773
2 34.333333333333336 0 4.804426211144245 133.9473260836063
2 34.5 0 4.501024739437281 99.11053738877646
2 34.666666666666664 0 3.7025058829793633 164.2174529850783
2 34.833333333333336 0 3.2104624974359384 111.11145050938725
2 35.0 0 4.1261294815078475 78.35790893365686
2 35.166666666666664 0 3.796917034969612 202.56775612010367
2 35.333333333333336 0 3.835812753365433 223.1159108888165
2 35.5 0 3.550970486051659 145.23236103916003
2 35.666666666666664 0 4.944068116527843 123.87915679115503
2 35.833333333333336 0 4.5909024532455245 107.50277338207974
2 36.0 0 4.137831620014943 148.89472712549332
2 36.166666666666664 0 4.170967742578933 197.85568911906626
2 36.333333333333336 0 4.085606735958999 100.61599308076359
2 36.5 0 4.951642849881093 73.12019837396457
2 36.666666666666664 0 4.793302515265223 134.06158178375364
2 36.833333333333336 0 4.141327158588412 189.30565942123033
2 37.0 0 3.0418835811609615 78.04703216891224
2 37.166666666666664 0 3.194373728143116 114.3018394315526
2 37.333333333333336 0 4.7215903475048115 92.37622634941802
2 37.5 0 4.838215945712292 244.6205712968393
2 37.666666666666664 0 4.871628419506514 232.5563793650571
2 37.833333333333336 0 3.6027464865940164 72.44961836727182
2 38.0 0 3.540866601911242 113.32685296415401
2 38.166666666666664 0 3.737996692363811 234.64109088957704
2 38.333333333333336 0 4.204223869971967 63.26860677168167
2 38.5 0 4.431553517828264 141.8583034419408
2 38.666666666666664 0 3.4010657701711398 144.98777240838524
2 38.833333333333336 0 4.575043191227428 233.95646430196498
2 39.0 0 3.50607236504135 178.8432245644768
2 39.166666666666664 0 3.9794005210618737 236.774263016712
2 39.333333333333336 0 3.0996786386326676 52.91475652519224
2 39.5 0 4.901534033099667 205.86486913682776
2 39.666666666666664 0 3.2743313887392262 127.88489948385467
2 39.833333333333336 0 3.020387001322392 234.29649930320141
2 40.0 0 3.394444750604866 52.73413928657995
2 40.166666666666664 0 4.5882859866346255 74.50420890789616
2 40.333333333333336 0 4.322079042011063 195.62559259773803
2 40.5 0 4.383858200413823 178.27622237486196
2 40.666666666666664 0 4.927007081224745 164.0821022543226
2 40.833333333333336 0 3.3056901446729805 194.30953038886364
2 41.0 0 4.818973216015881 139.53496795456002
2 41.166666666666664 0 4.9712908778165446 179.3712164070195
2 41.333333333333336 0 4.671591046891589 183.55025800827102
2 41.5 0 3.523812901411974 76.95338180595364
2 41.666666666666664 0 3.251466081823425 86.51524269629954
2 41.833333333333336 0 3.9993754863420974 196.41122701619076
2 42.0 0 3.322770306544035 124.29383659492785
2 42.166666666666664 0 4.070724755996375 85.92531131482335
2 42.333333333333336 0 4.966636864156183 64.33679299758452
2 42.5 0 3.758356788173855 134.2306440178437
2 42.666666666666664 0 4.5363820579246825 119.95872118950939
2 42.833333333333336 0 3.7881187832704737 58.90678641395806
2 43.0 0 4.463705278220755 89.97068193033995
2 43.166666666666664 0 3.6746961862703698 143.12471592380012
2 43.333333333333336 0 3.43765433081127 240.58360971209373
2 43.5 0 3.3232820503931744 68.09777098828498
2 43.666666666666664 0 4.097288284344523 187.4744638531477
2 43.833333333333336 0 4.96711753364033 55.08555410716378
2 44.0 0 4.310607488620862 118.13346961492005
2 44.166666666666664 0 3.5964815965388217 178.65121530318672
2 44.333333333333336 0 4.356462196735395 158.087423974215
2 44.5 0 3.6850993229368942 141.97415848562565
2 44.666666666666664 0 3.8827928426974343 129.3206445378243
2 44.833333333333336 0 3.9828285077055723 115.37168521183037
2 45.0 0 3.383693173609619 175.19156745398294
2 45.166666666666664 0 4.4188756894326 230.78474500277116
2 45.333333333333336 0 3.119430724799744 133.36977557852873
2 45.5 0 3.747681539941162 197.83444699075284
2 45.666666666666664 0 3.897698259115897 126.79454798871063
2 45.833333333333336 0 3.470008757293575 61.157602287892644
2 46.0 0 4.941010162140671 212.38282583931232
2 46.166666666666664 0 4.774653539885832 154.0811491300003
2 46.333333333333336 0 4.184299810585674 78.19085471141467
2 46.5 0 4.771594628103796 220.2967294617258
2 46.666666666666664 0 3.778413200849463 111.96046487409495
2 46.833333333333336 0 4.125282846099152 73.048490508452
2 47.0 0 4.319335198415795 77.45744884161552
2 47.166666666666664 0 4.347165794877872 240.44851078081948
2 47.333333333333336 0 3.3796260967139053 129.73604358293466
2 47.5 0 3.4694322793205763 205.88597306725836
2 47.666666666666664 0 3.287685133654037 176.4401406080644
2 47.833333333333336 0 3.597352265611933 94.09767461760951
2 48.0 0 3.7821001955564193 249.47839978669245
2 48.166666666666664 0 4.9254780690432485 176.31911202074704
2 48.333333333333336 0 3.1624822274716453 189.88691128694742
2 48.5 0 4.203363956093671 172.03680289971805
2 48.666666666666664 0 4.864823932339554 168.41979506432185
2 48.833333333333336 0 3.349351339452042 210.21429857527406
2 49.0 0 3.008562943878286 165.38448131055293
2 49.166666666666664 0 3.936357097957134 79.46559529218248
2 49.333333333333336 0 4.394170276372182 115.46516795124178
2 49.5 0 3.6114946958204523 244.50155557503953
2 49.666666666666664 0 3.6742253694274067 186.7543516406412
2 49.833333333333336 0 3.1617464021394355 235.2761914990382
2 50.0 0 4.977580261950297 207.93901451206239
2 50.166666666666664 0 3.900796489713849 225.61148088312464
2 50.333333333333336 0 3.135354724471048 183.5645552865089
2 50.5 0 4.327526751905104 109.68078129993265
2 50.666666666666664 0 4.839146440065417 144.5260828762383
2 50.833333333333336 0 4.594564573936804 157.58256676270545
2 51.0 0 4.555979829473634 69.41338043465824
2 51.166666666666664 0 3.2256655844499704 185.33772672204145
2 51.333333333333336 0 3.831157978299261 82.0621942400357
2 51.5 0 4.733603392170696 109.99521837890649
2 51.666666666666664 0 3.729322853275134 181.64133932296673
2 51.833333333333336 0 3.3156293031166038 177.13249897865362
2 52.0 0 4.59567021635756 193.83139331466427
2 52.166666666666664 0 4.641455394675447 245.88864031474003
2 52.333333333333336 0 3.0634043498190713 245.12757131057666
2 52.5 0 4.899105877611026 95.76962328225773
2 52.666666666666664 0 3.2901612239255624 57.02570943152245
2 52.833333333333336 0 3.7268704908911516 179.81692167217486
2 53.0 0 3.775266670194995 132.8270153711618
2 53.166666666666664 0 3.4349865719213644 190.33192969314828
2 53.333333333333336 0 4.7913378553737 67.02375363614868
2 53.5 0 3.0085651710633723 226.20050802328947
2 53.666666666666664 0 4.457878158842234 145.70450618811958
2 53.833333333333336 0 3.7836683165782095 54.9633224828935
2 54.0 0 3.7911532966529977 126.14441659054958
2 54.166666666666664 0 4.40133451598954 148.1293386284899
2 54.333333333333336 0 4.6837803713983694 184.72213056946273
2 54.5 0 3.6697406037305234 234.83134978240614
2 54.666666666666664 0 3.6990995674841836 104.53193582886549
2 54.833333333333336 0 3.302578861120698 66.7739102024368
2 55.0 0 4.809540797545049 237.53604157432503
2 55.166666666666664 0 4.152117989543188 116.52579940500414
2 55.333333333333336 0 3.764836571848736 220.82851522965754
2 55.5 0 3.5183083788194986 241.5604547475782
2 55.666666666666664 0 3.6450741757007616 52.558994053165954
2 55.833333333333336 0 3.3906819780818886 138.04958324269288
2 56.0 0 3.3352206681474903 140.29082932476996
2 56.166666666666664 0 4.067687568526121 81.26659257371344
2 56.333333333333336 0 4.15189397394237 123.04485710811845
2 56.5 0 4.498493773522798 203.55814655686868
2 56.666666666666664 0 4.659795261005878 238.0066176597933
2 56.833333333333336 0 3.905181890452882 196.19358692872316
2 57.0 0 3.834357466731724 153.85134184358864
2 57.166666666666664 0 4.768641093707457 238.0036779727205
2 57.333333333333336 0 4.158805655934533 124.86761986969623
2 57.5 0 3.099370335599727 151.571550928078
2 57.666666666666664 0 4.987966175544252 233.5372252455272
2 57.833333333333336 0 4.064780964014004 66.84035798864548
2 58.0 0 4.567800812934779 183.95511777941203
2 58.166666666666664 0 3.5074845434847983 232.3537794018612
2 58.333333333333336 0 4.46878455163288 184.45025342518448
2 58.5 0 4.664441729268609 55.94686071519435
2 58.666666666666664 0 4.872884612786759 114.99430390050895
2 58.833333333333336 0 4.484738513701994 179.5565280347107
2 59.0 0 3.148039637599655 213.46206020006508
2 59.166666666666664 0 3.344145919546228 196.9224286112493
2 59.333333333333336 0 3.450679137999283 134.53377690640158
2 59.5 0 3.6675109681123805 108.30042880869385
2 59.666666666666664 0 3.7159631107934836 236.0062916984751
2 59.833333333333336 0 4.995417133078718 172.91270959997578
3 0.0 0 4.327062090420826 129.50637004618713
3 0.16666666666666666 0 3.3694422193106504 67.7098000495268
3 0.3333333333333333 0 3.998940009828256 96.07619100399094
3 0.5 0 3.5607333618809553 190.12163609911582
3 0.6666666666666666 0 4.968741279624424 111.82756986619637
3 0.8333333333333334 0 3.6295091369930987 152.82616078555753
3 1.0 0 3.454024787280567 154.8379303837906
3 1.1666666666666667 0 4.578488686516655 210.16559942315757
3 1.3333333333333333 0 4.521728557385658 171.68779527433622
3 1.5 0 3.45113975494393 128.69212576353817
3 1.6666666666666667 0 3.0048884385183356 170.5158959433444
3 1.8333333333333333 0 4.126026585178362 68.42613203672323
3 2.0 0 3.910775700232775 177.19477494480418
3 2.1666666666666665 0 4.271430678132688 176.76195357770237
3 2.3333333333333335 0 4.883258705725202 242.20619884036134
3 2.5 0 3.449807007020749 213.55740327077405
3 2.6666666666666665 0 3.7138344216730554 118.0222618058131
3 2.8333333333333335 0 4.199529354180266 223.79503899511428
3 3.0 0 3.6399159596825905 240.27468197548083
3 3.1666666666666665 0 3.071769486346213 53.30473353039436
3 3.3333333333333335 0 4.22560368662673 240.7213389991838
3 3.5 0 4.063243966354936 163.38852209602572
3 3.6666666666666665 0 3.989307130903347 195.99559943505793
3 3.8333333333333335 0 4.660955445959702 141.7904132342434
3 4.0 0 4.624226196748164 173.35061416897295
3 4.166666666666667 0 4.8029433550825615 130.30533958487814
3 4.333333333333333 0 3.6518405758009083 173.087328500616
3 4.5 0 3.4594514745534477 93.42300916269512
3 4.666666666666667 0 4.655196906241229 87.08144768951622
3 4.833333333333333 0 4.251809501615019 237.75393112382136
3 5.0 0 3.8579238173542296 193.80125126717894
3 5.166666666666667 0 4.551716473118793 158.5865383320707
3 5.333333333333333 0 4.746545779575293 192.43459960690612
3 5.5 0 3.8415049659398184 237.77584110776684
3 5.666666666666667 0 4.677807031051269 242.22015823447646
3 5.833333333333333 0 4.766355066193391 246.26558031327443
3 6.0 0 4.969357695412222 117.80439173045227
3 6.166666666666667 0 4.272317946685416 214.8974898276087
3 6.333333333333333 0 4.841294796716541 217.42232432428003
3 6.5 0 4.4993999494235695 228.7627543058377
3 6.666666666666667 0 3.757691574040382 167.9268158417425
3 6.833333333333333 0 3.6868474594133334 73.20237083190725
3 7.0 0 4.211388525069546 159.1675873361205
3 7.166666666666667 0 4.248165405337337 213.66468105951358
3 7.333333333333333 0 3.8019615581202286 109.94765018518311
3 7.5 0 4.386290749708592 226.97986945751353
3 7.666666666666667 0 3.5759217368928757 118.76166125103231
3 7.833333333333333 0 3.144734554499716 118.2127710178083
3 8.0 0 3.0298425773572024 184.7469630535713
3 8.166666666666666 0 4.628396048407219 155.10702937488844
3 8.333333333333334 0 4.921251512627628 97.75488177523988
3 8.5 0 3.2781429464749023 131.23499006802976
3 8.666666666666666 0 3.0887626053658916 91.17623401570023
3 8.833333333333334 0 4.546142830075798 129.31946956917403
3 9.0 0 3.8520676197226926 127.13171935144412
3 9.166666666666666 0 4.0943211024704125 97.79498748560783
3 9.333333333333334 0 4.244044729102713 140.86428235480264
3 9.5 0 3.7262119221225944 76.52769068592069
3 9.666666666666666 0 4.321382650456691 209.64722275695365
3 9.833333333333334 0 3.6628580925470926 111.71467636250517
3 10.0 0 4.106760877195075 231.24830628052266
3 10.166666666666666 0 4.486308355812141 185.33507002007516
3 10.333333333333334 0 4.334765139495131 97.96671808550532
3 10.5 0 4.099648982787553 51.12668239991163
3 10.666666666666666 0 4.10535992521293 134.48628953844798
3 10.833333333333334 0 3.3903991426500335 116.9137498044619
3 11.0 0 3.7928784425586 131.26496348492216
3 11.166666666666666 0 4.9344886674405855 242.21273198353194
3 11.333333333333334 0 4.115132873576859 249.90698808280814
3 11.5 0 4.040928614090086 130.39468976415736
3 11.666666666666666 0 4.136387539179641 202.9410322933893
3 11.833333333333334 0 4.712674459498127 86.28443863502676
3 12.0 0 4.1595773840149235 217.65375492648724
3 12.166666666666666 0 4.687073850757295 82.92813180635636
3 12.333333333333334 0 3.957297032662473 182.1051741203274
3 12.5 0 3.619679790809558 135.3625185247821
3 12.666666666666666 0 4.59772405733805 241.1784918298795
3 12.833333333333334 0 4.6881024964120614 114.57071651969213
3 13.0 0 3.2407817502639595 161.49387138034797
3 13.166666666666666 0 4.417961976335174 151.41085390643127
3 13.333333333333334 0 4.711487528207712 216.24191590727747
3 13.5 0 4.370895914982795 78.15553064504746
3 13.666666666666666 0 3.4015732018088416 154.46942278265675
